% time	cellId	IMSI	frame	sframe	RNTI	mcsTb1	sizeTb1	mcsTb2	sizeTb2
0.031	1	1	4	2	1	28	2196	0	0
0.041	1	1	5	2	1	28	2196	0	0
0.051	1	1	6	2	1	28	2196	0	0
0.061	1	1	7	2	1	28	2196	0	0
0.071	1	1	8	2	1	28	2196	0	0
0.081	1	1	9	2	1	28	2196	0	0
0.091	1	1	10	2	1	28	2196	0	0
0.101	1	1	11	2	1	28	2196	0	0
0.111	1	1	12	2	1	28	2196	0	0
0.121	1	1	13	2	1	28	2196	0	0
0.131	1	1	14	2	1	28	2196	0	0
0.141	1	1	15	2	1	28	2196	0	0
0.151	1	1	16	2	1	28	2196	0	0
0.161	1	1	17	2	1	28	2196	0	0
0.171	1	1	18	2	1	28	2196	0	0
0.181	1	1	19	2	1	28	2196	0	0
0.191	1	1	20	2	1	28	2196	0	0
0.201	1	1	21	2	1	28	2196	0	0
0.211	1	1	22	2	1	28	2196	0	0
0.221	1	1	23	2	1	28	2196	0	0
0.231	1	1	24	2	1	28	2196	0	0
0.241	1	1	25	2	1	28	2196	0	0
0.251	1	1	26	2	1	28	2196	0	0
0.261	1	1	27	2	1	28	2196	0	0
0.271	1	1	28	2	1	28	2196	0	0
0.281	1	1	29	2	1	28	2196	0	0
0.291	1	1	30	2	1	28	2196	0	0
0.301	1	1	31	2	1	28	2196	0	0
0.311	1	1	32	2	1	28	2196	0	0
0.321	1	1	33	2	1	28	2196	0	0
0.331	1	1	34	2	1	28	2196	0	0
0.341	1	1	35	2	1	28	2196	0	0
0.351	1	1	36	2	1	28	2196	0	0
0.361	1	1	37	2	1	28	2196	0	0
0.371	1	1	38	2	1	28	2196	0	0
0.381	1	1	39	2	1	28	2196	0	0
0.391	1	1	40	2	1	28	2196	0	0
0.401	1	1	41	2	1	28	2196	0	0
0.411	1	1	42	2	1	28	2196	0	0
0.421	1	1	43	2	1	28	2196	0	0
0.431	1	1	44	2	1	28	2196	0	0
0.441	1	1	45	2	1	28	2196	0	0
0.451	1	1	46	2	1	28	2196	0	0
0.461	1	1	47	2	1	28	2196	0	0
0.471	1	1	48	2	1	28	2196	0	0
0.481	1	1	49	2	1	28	2196	0	0
0.491	1	1	50	2	1	28	2196	0	0
0.501	1	1	51	2	1	28	2196	0	0
0.511	1	1	52	2	1	28	2196	0	0
0.521	1	1	53	2	1	28	2196	0	0
0.531	1	1	54	2	1	28	2196	0	0
0.541	1	1	55	2	1	28	2196	0	0
0.551	1	1	56	2	1	28	2196	0	0
0.561	1	1	57	2	1	28	2196	0	0
0.571	1	1	58	2	1	28	2196	0	0
0.581	1	1	59	2	1	28	2196	0	0
0.591	1	1	60	2	1	28	2196	0	0
0.601	1	1	61	2	1	28	2196	0	0
0.611	1	1	62	2	1	28	2196	0	0
0.621	1	1	63	2	1	28	2196	0	0
0.631	1	1	64	2	1	28	2196	0	0
0.641	1	1	65	2	1	28	2196	0	0
0.651	1	1	66	2	1	28	2196	0	0
0.661	1	1	67	2	1	28	2196	0	0
0.671	1	1	68	2	1	28	2196	0	0
0.681	1	1	69	2	1	28	2196	0	0
0.691	1	1	70	2	1	28	2196	0	0
0.701	1	1	71	2	1	28	2196	0	0
0.711	1	1	72	2	1	28	2196	0	0
0.721	1	1	73	2	1	28	2196	0	0
0.731	1	1	74	2	1	28	2196	0	0
0.741	1	1	75	2	1	28	2196	0	0
0.751	1	1	76	2	1	28	2196	0	0
0.761	1	1	77	2	1	28	2196	0	0
0.771	1	1	78	2	1	28	2196	0	0
0.781	1	1	79	2	1	28	2196	0	0
0.791	1	1	80	2	1	28	2196	0	0
0.801	1	1	81	2	1	28	2196	0	0
0.811	1	1	82	2	1	28	2196	0	0
0.821	1	1	83	2	1	28	2196	0	0
0.831	1	1	84	2	1	28	2196	0	0
0.841	1	1	85	2	1	28	2196	0	0
0.851	1	1	86	2	1	28	2196	0	0
0.861	1	1	87	2	1	28	2196	0	0
0.871	1	1	88	2	1	28	2196	0	0
0.881	1	1	89	2	1	28	2196	0	0
0.891	1	1	90	2	1	28	2196	0	0
0.901	1	1	91	2	1	28	2196	0	0
0.911	1	1	92	2	1	28	2196	0	0
0.921	1	1	93	2	1	28	2196	0	0
0.931	1	1	94	2	1	28	2196	0	0
0.941	1	1	95	2	1	28	2196	0	0
0.951	1	1	96	2	1	28	2196	0	0
0.961	1	1	97	2	1	28	2196	0	0
0.971	1	1	98	2	1	28	2196	0	0
0.981	1	1	99	2	1	28	2196	0	0
0.991	1	1	100	2	1	28	2196	0	0
1.001	1	1	101	2	1	28	2196	0	0
1.011	1	1	102	2	1	28	2196	0	0
1.021	1	1	103	2	1	28	2196	0	0
1.031	1	1	104	2	1	28	2196	0	0
1.041	1	1	105	2	1	28	2196	0	0
1.051	1	1	106	2	1	28	2196	0	0
1.061	1	1	107	2	1	28	2196	0	0
1.071	1	1	108	2	1	28	2196	0	0
1.081	1	1	109	2	1	28	2196	0	0
1.091	1	1	110	2	1	28	2196	0	0
1.101	1	1	111	2	1	28	2196	0	0
1.111	1	1	112	2	1	28	2196	0	0
1.121	1	1	113	2	1	28	2196	0	0
1.131	1	1	114	2	1	28	2196	0	0
1.141	1	1	115	2	1	28	2196	0	0
1.151	1	1	116	2	1	28	2196	0	0
1.161	1	1	117	2	1	28	2196	0	0
1.171	1	1	118	2	1	28	2196	0	0
1.181	1	1	119	2	1	28	2196	0	0
1.191	1	1	120	2	1	28	2196	0	0
1.201	1	1	121	2	1	28	2196	0	0
1.211	1	1	122	2	1	28	2196	0	0
1.221	1	1	123	2	1	28	2196	0	0
1.231	1	1	124	2	1	28	2196	0	0
1.241	1	1	125	2	1	28	2196	0	0
1.251	1	1	126	2	1	28	2196	0	0
1.261	1	1	127	2	1	28	2196	0	0
1.271	1	1	128	2	1	28	2196	0	0
1.281	1	1	129	2	1	28	2196	0	0
1.291	1	1	130	2	1	28	2196	0	0
1.301	1	1	131	2	1	28	2196	0	0
1.311	1	1	132	2	1	28	2196	0	0
1.321	1	1	133	2	1	28	2196	0	0
1.331	1	1	134	2	1	28	2196	0	0
1.341	1	1	135	2	1	28	2196	0	0
1.351	1	1	136	2	1	28	2196	0	0
1.361	1	1	137	2	1	28	2196	0	0
1.371	1	1	138	2	1	28	2196	0	0
1.381	1	1	139	2	1	28	2196	0	0
1.391	1	1	140	2	1	28	2196	0	0
1.401	1	1	141	2	1	28	2196	0	0
1.411	1	1	142	2	1	28	2196	0	0
1.421	1	1	143	2	1	28	2196	0	0
1.431	1	1	144	2	1	28	2196	0	0
1.441	1	1	145	2	1	28	2196	0	0
1.451	1	1	146	2	1	28	2196	0	0
1.461	1	1	147	2	1	28	2196	0	0
1.471	1	1	148	2	1	28	2196	0	0
1.481	1	1	149	2	1	28	2196	0	0
1.491	1	1	150	2	1	28	2196	0	0
1.501	1	1	151	2	1	28	2196	0	0
1.511	1	1	152	2	1	28	2196	0	0
1.521	1	1	153	2	1	28	2196	0	0
1.531	1	1	154	2	1	28	2196	0	0
1.541	1	1	155	2	1	28	2196	0	0
1.551	1	1	156	2	1	28	2196	0	0
1.561	1	1	157	2	1	28	2196	0	0
1.571	1	1	158	2	1	28	2196	0	0
1.581	1	1	159	2	1	28	2196	0	0
1.591	1	1	160	2	1	28	2196	0	0
1.601	1	1	161	2	1	28	2196	0	0
1.611	1	1	162	2	1	28	2196	0	0
1.621	1	1	163	2	1	28	2196	0	0
1.631	1	1	164	2	1	28	2196	0	0
1.641	1	1	165	2	1	28	2196	0	0
1.651	1	1	166	2	1	28	2196	0	0
1.661	1	1	167	2	1	28	2196	0	0
1.671	1	1	168	2	1	28	2196	0	0
1.681	1	1	169	2	1	28	2196	0	0
1.691	1	1	170	2	1	28	2196	0	0
1.701	1	1	171	2	1	28	2196	0	0
1.711	1	1	172	2	1	28	2196	0	0
1.721	1	1	173	2	1	28	2196	0	0
1.731	1	1	174	2	1	28	2196	0	0
1.741	1	1	175	2	1	28	2196	0	0
1.751	1	1	176	2	1	28	2196	0	0
1.761	1	1	177	2	1	28	2196	0	0
1.771	1	1	178	2	1	28	2196	0	0
1.781	1	1	179	2	1	28	2196	0	0
1.791	1	1	180	2	1	28	2196	0	0
1.801	1	1	181	2	1	28	2196	0	0
1.811	1	1	182	2	1	28	2196	0	0
1.821	1	1	183	2	1	28	2196	0	0
1.831	1	1	184	2	1	28	2196	0	0
1.841	1	1	185	2	1	28	2196	0	0
1.851	1	1	186	2	1	28	2196	0	0
1.861	1	1	187	2	1	28	2196	0	0
1.871	1	1	188	2	1	28	2196	0	0
1.881	1	1	189	2	1	28	2196	0	0
1.891	1	1	190	2	1	28	2196	0	0
1.901	1	1	191	2	1	28	2196	0	0
1.911	1	1	192	2	1	28	2196	0	0
1.921	1	1	193	2	1	28	2196	0	0
1.931	1	1	194	2	1	28	2196	0	0
1.941	1	1	195	2	1	28	2196	0	0
1.951	1	1	196	2	1	28	2196	0	0
1.961	1	1	197	2	1	28	2196	0	0
1.971	1	1	198	2	1	28	2196	0	0
1.981	1	1	199	2	1	28	2196	0	0
1.991	1	1	200	2	1	28	2196	0	0
2.001	1	1	201	2	1	28	2196	0	0
2.011	1	1	202	2	1	28	2196	0	0
2.021	1	1	203	2	1	28	2196	0	0
2.031	1	1	204	2	1	28	2196	0	0
2.041	1	1	205	2	1	28	2196	0	0
2.051	1	1	206	2	1	28	2196	0	0
2.061	1	1	207	2	1	28	2196	0	0
2.071	1	1	208	2	1	28	2196	0	0
2.081	1	1	209	2	1	28	2196	0	0
2.091	1	1	210	2	1	28	2196	0	0
2.101	1	1	211	2	1	28	2196	0	0
2.111	1	1	212	2	1	28	2196	0	0
2.121	1	1	213	2	1	28	2196	0	0
2.131	1	1	214	2	1	28	2196	0	0
2.141	1	1	215	2	1	28	2196	0	0
2.151	1	1	216	2	1	28	2196	0	0
2.161	1	1	217	2	1	28	2196	0	0
2.171	1	1	218	2	1	28	2196	0	0
2.181	1	1	219	2	1	28	2196	0	0
2.191	1	1	220	2	1	28	2196	0	0
2.201	1	1	221	2	1	28	2196	0	0
2.211	1	1	222	2	1	28	2196	0	0
2.221	1	1	223	2	1	28	2196	0	0
2.231	1	1	224	2	1	28	2196	0	0
2.241	1	1	225	2	1	28	2196	0	0
2.251	1	1	226	2	1	28	2196	0	0
2.261	1	1	227	2	1	28	2196	0	0
2.271	1	1	228	2	1	28	2196	0	0
2.281	1	1	229	2	1	28	2196	0	0
2.291	1	1	230	2	1	28	2196	0	0
2.301	1	1	231	2	1	28	2196	0	0
2.311	1	1	232	2	1	28	2196	0	0
2.321	1	1	233	2	1	28	2196	0	0
2.331	1	1	234	2	1	28	2196	0	0
2.341	1	1	235	2	1	28	2196	0	0
2.351	1	1	236	2	1	28	2196	0	0
2.361	1	1	237	2	1	28	2196	0	0
2.371	1	1	238	2	1	28	2196	0	0
2.381	1	1	239	2	1	28	2196	0	0
2.391	1	1	240	2	1	28	2196	0	0
2.401	1	1	241	2	1	28	2196	0	0
2.411	1	1	242	2	1	28	2196	0	0
2.421	1	1	243	2	1	28	2196	0	0
2.431	1	1	244	2	1	28	2196	0	0
2.441	1	1	245	2	1	28	2196	0	0
2.451	1	1	246	2	1	28	2196	0	0
2.461	1	1	247	2	1	28	2196	0	0
2.471	1	1	248	2	1	28	2196	0	0
2.481	1	1	249	2	1	28	2196	0	0
2.491	1	1	250	2	1	28	2196	0	0
2.501	1	1	251	2	1	28	2196	0	0
2.511	1	1	252	2	1	28	2196	0	0
2.521	1	1	253	2	1	28	2196	0	0
2.531	1	1	254	2	1	28	2196	0	0
2.541	1	1	255	2	1	28	2196	0	0
2.551	1	1	256	2	1	28	2196	0	0
2.561	1	1	257	2	1	28	2196	0	0
2.571	1	1	258	2	1	28	2196	0	0
2.581	1	1	259	2	1	28	2196	0	0
2.591	1	1	260	2	1	28	2196	0	0
2.601	1	1	261	2	1	28	2196	0	0
2.611	1	1	262	2	1	28	2196	0	0
2.621	1	1	263	2	1	28	2196	0	0
2.631	1	1	264	2	1	28	2196	0	0
2.641	1	1	265	2	1	28	2196	0	0
2.651	1	1	266	2	1	28	2196	0	0
2.661	1	1	267	2	1	28	2196	0	0
2.671	1	1	268	2	1	28	2196	0	0
2.681	1	1	269	2	1	28	2196	0	0
2.691	1	1	270	2	1	28	2196	0	0
2.701	1	1	271	2	1	28	2196	0	0
2.711	1	1	272	2	1	28	2196	0	0
2.721	1	1	273	2	1	28	2196	0	0
2.731	1	1	274	2	1	28	2196	0	0
2.741	1	1	275	2	1	28	2196	0	0
2.751	1	1	276	2	1	28	2196	0	0
2.761	1	1	277	2	1	28	2196	0	0
2.771	1	1	278	2	1	28	2196	0	0
2.781	1	1	279	2	1	28	2196	0	0
2.791	1	1	280	2	1	28	2196	0	0
2.801	1	1	281	2	1	28	2196	0	0
2.811	1	1	282	2	1	28	2196	0	0
2.821	1	1	283	2	1	28	2196	0	0
2.831	1	1	284	2	1	28	2196	0	0
2.841	1	1	285	2	1	28	2196	0	0
2.851	1	1	286	2	1	28	2196	0	0
2.861	1	1	287	2	1	28	2196	0	0
2.871	1	1	288	2	1	28	2196	0	0
2.881	1	1	289	2	1	28	2196	0	0
2.891	1	1	290	2	1	28	2196	0	0
2.901	1	1	291	2	1	28	2196	0	0
2.911	1	1	292	2	1	28	2196	0	0
2.921	1	1	293	2	1	28	2196	0	0
2.931	1	1	294	2	1	28	2196	0	0
2.941	1	1	295	2	1	28	2196	0	0
2.951	1	1	296	2	1	28	2196	0	0
2.961	1	1	297	2	1	28	2196	0	0
2.971	1	1	298	2	1	28	2196	0	0
2.981	1	1	299	2	1	28	2196	0	0
2.991	1	1	300	2	1	28	2196	0	0
3.001	1	1	301	2	1	28	2196	0	0
3.011	1	1	302	2	1	28	2196	0	0
3.021	1	1	303	2	1	28	2196	0	0
3.031	1	1	304	2	1	28	2196	0	0
3.041	1	1	305	2	1	28	2196	0	0
3.051	1	1	306	2	1	28	2196	0	0
3.061	1	1	307	2	1	28	2196	0	0
3.071	1	1	308	2	1	28	2196	0	0
3.081	1	1	309	2	1	28	2196	0	0
3.091	1	1	310	2	1	28	2196	0	0
3.101	1	1	311	2	1	28	2196	0	0
3.111	1	1	312	2	1	28	2196	0	0
3.121	1	1	313	2	1	28	2196	0	0
3.131	1	1	314	2	1	28	2196	0	0
3.141	1	1	315	2	1	28	2196	0	0
3.151	1	1	316	2	1	28	2196	0	0
3.161	1	1	317	2	1	28	2196	0	0
3.171	1	1	318	2	1	28	2196	0	0
3.181	1	1	319	2	1	28	2196	0	0
3.191	1	1	320	2	1	28	2196	0	0
3.201	1	1	321	2	1	28	2196	0	0
3.211	1	1	322	2	1	28	2196	0	0
3.221	1	1	323	2	1	28	2196	0	0
3.231	1	1	324	2	1	28	2196	0	0
3.241	1	1	325	2	1	28	2196	0	0
3.251	1	1	326	2	1	28	2196	0	0
3.261	1	1	327	2	1	28	2196	0	0
3.271	1	1	328	2	1	28	2196	0	0
3.281	1	1	329	2	1	28	2196	0	0
3.291	1	1	330	2	1	28	2196	0	0
3.301	1	1	331	2	1	28	2196	0	0
3.311	1	1	332	2	1	28	2196	0	0
3.321	1	1	333	2	1	28	2196	0	0
3.331	1	1	334	2	1	28	2196	0	0
3.341	1	1	335	2	1	28	2196	0	0
3.351	1	1	336	2	1	28	2196	0	0
3.361	1	1	337	2	1	28	2196	0	0
3.371	1	1	338	2	1	28	2196	0	0
3.381	1	1	339	2	1	28	2196	0	0
3.391	1	1	340	2	1	28	2196	0	0
3.401	1	1	341	2	1	28	2196	0	0
3.411	1	1	342	2	1	28	2196	0	0
3.421	1	1	343	2	1	28	2196	0	0
3.431	1	1	344	2	1	28	2196	0	0
3.441	1	1	345	2	1	28	2196	0	0
3.451	1	1	346	2	1	28	2196	0	0
3.461	1	1	347	2	1	28	2196	0	0
3.471	1	1	348	2	1	28	2196	0	0
3.481	1	1	349	2	1	28	2196	0	0
3.491	1	1	350	2	1	28	2196	0	0
3.501	1	1	351	2	1	28	2196	0	0
3.511	1	1	352	2	1	28	2196	0	0
3.521	1	1	353	2	1	28	2196	0	0
3.531	1	1	354	2	1	28	2196	0	0
3.541	1	1	355	2	1	28	2196	0	0
3.551	1	1	356	2	1	28	2196	0	0
3.561	1	1	357	2	1	28	2196	0	0
3.571	1	1	358	2	1	28	2196	0	0
3.581	1	1	359	2	1	28	2196	0	0
3.591	1	1	360	2	1	28	2196	0	0
3.601	1	1	361	2	1	28	2196	0	0
3.611	1	1	362	2	1	28	2196	0	0
3.621	1	1	363	2	1	28	2196	0	0
3.631	1	1	364	2	1	28	2196	0	0
3.641	1	1	365	2	1	28	2196	0	0
3.651	1	1	366	2	1	28	2196	0	0
3.661	1	1	367	2	1	28	2196	0	0
3.671	1	1	368	2	1	28	2196	0	0
3.681	1	1	369	2	1	28	2196	0	0
3.691	1	1	370	2	1	28	2196	0	0
3.701	1	1	371	2	1	28	2196	0	0
3.711	1	1	372	2	1	28	2196	0	0
3.721	1	1	373	2	1	28	2196	0	0
3.731	1	1	374	2	1	28	2196	0	0
3.741	1	1	375	2	1	28	2196	0	0
3.751	1	1	376	2	1	28	2196	0	0
3.761	1	1	377	2	1	28	2196	0	0
3.771	1	1	378	2	1	28	2196	0	0
3.781	1	1	379	2	1	28	2196	0	0
3.791	1	1	380	2	1	28	2196	0	0
3.801	1	1	381	2	1	28	2196	0	0
3.811	1	1	382	2	1	28	2196	0	0
3.821	1	1	383	2	1	28	2196	0	0
3.831	1	1	384	2	1	28	2196	0	0
3.841	1	1	385	2	1	28	2196	0	0
3.851	1	1	386	2	1	28	2196	0	0
3.861	1	1	387	2	1	28	2196	0	0
3.871	1	1	388	2	1	28	2196	0	0
3.881	1	1	389	2	1	28	2196	0	0
3.891	1	1	390	2	1	28	2196	0	0
3.901	1	1	391	2	1	28	2196	0	0
3.911	1	1	392	2	1	28	2196	0	0
3.921	1	1	393	2	1	28	2196	0	0
3.931	1	1	394	2	1	28	2196	0	0
3.941	1	1	395	2	1	28	2196	0	0
3.951	1	1	396	2	1	28	2196	0	0
3.961	1	1	397	2	1	28	2196	0	0
3.971	1	1	398	2	1	28	2196	0	0
3.981	1	1	399	2	1	28	2196	0	0
3.991	1	1	400	2	1	28	2196	0	0
4.001	1	1	401	2	1	28	2196	0	0
4.011	1	1	402	2	1	28	2196	0	0
4.021	1	1	403	2	1	28	2196	0	0
4.031	1	1	404	2	1	28	2196	0	0
4.041	1	1	405	2	1	28	2196	0	0
4.051	1	1	406	2	1	28	2196	0	0
4.061	1	1	407	2	1	28	2196	0	0
4.071	1	1	408	2	1	28	2196	0	0
4.081	1	1	409	2	1	28	2196	0	0
4.091	1	1	410	2	1	28	2196	0	0
4.101	1	1	411	2	1	28	2196	0	0
4.111	1	1	412	2	1	28	2196	0	0
4.121	1	1	413	2	1	28	2196	0	0
4.131	1	1	414	2	1	28	2196	0	0
4.141	1	1	415	2	1	28	2196	0	0
4.151	1	1	416	2	1	28	2196	0	0
4.161	1	1	417	2	1	28	2196	0	0
4.171	1	1	418	2	1	28	2196	0	0
4.181	1	1	419	2	1	28	2196	0	0
4.191	1	1	420	2	1	28	2196	0	0
4.201	1	1	421	2	1	28	2196	0	0
4.211	1	1	422	2	1	28	2196	0	0
4.221	1	1	423	2	1	28	2196	0	0
4.231	1	1	424	2	1	28	2196	0	0
4.241	1	1	425	2	1	28	2196	0	0
4.251	1	1	426	2	1	28	2196	0	0
4.261	1	1	427	2	1	28	2196	0	0
4.271	1	1	428	2	1	28	2196	0	0
4.281	1	1	429	2	1	28	2196	0	0
4.291	1	1	430	2	1	28	2196	0	0
4.301	1	1	431	2	1	28	2196	0	0
4.311	1	1	432	2	1	28	2196	0	0
4.321	1	1	433	2	1	28	2196	0	0
4.331	1	1	434	2	1	28	2196	0	0
4.341	1	1	435	2	1	28	2196	0	0
4.351	1	1	436	2	1	28	2196	0	0
4.361	1	1	437	2	1	28	2196	0	0
4.371	1	1	438	2	1	28	2196	0	0
4.381	1	1	439	2	1	28	2196	0	0
4.391	1	1	440	2	1	28	2196	0	0
4.401	1	1	441	2	1	28	2196	0	0
4.411	1	1	442	2	1	28	2196	0	0
4.421	1	1	443	2	1	28	2196	0	0
4.431	1	1	444	2	1	28	2196	0	0
4.441	1	1	445	2	1	28	2196	0	0
4.451	1	1	446	2	1	28	2196	0	0
4.461	1	1	447	2	1	28	2196	0	0
4.471	1	1	448	2	1	28	2196	0	0
4.481	1	1	449	2	1	28	2196	0	0
4.491	1	1	450	2	1	28	2196	0	0
4.501	1	1	451	2	1	28	2196	0	0
4.511	1	1	452	2	1	28	2196	0	0
4.521	1	1	453	2	1	28	2196	0	0
4.531	1	1	454	2	1	28	2196	0	0
4.541	1	1	455	2	1	28	2196	0	0
4.551	1	1	456	2	1	28	2196	0	0
4.561	1	1	457	2	1	28	2196	0	0
4.571	1	1	458	2	1	28	2196	0	0
4.581	1	1	459	2	1	28	2196	0	0
4.591	1	1	460	2	1	28	2196	0	0
4.601	1	1	461	2	1	28	2196	0	0
4.611	1	1	462	2	1	28	2196	0	0
4.621	1	1	463	2	1	28	2196	0	0
4.631	1	1	464	2	1	28	2196	0	0
4.641	1	1	465	2	1	28	2196	0	0
4.651	1	1	466	2	1	28	2196	0	0
4.661	1	1	467	2	1	28	2196	0	0
4.671	1	1	468	2	1	28	2196	0	0
4.681	1	1	469	2	1	28	2196	0	0
4.691	1	1	470	2	1	28	2196	0	0
4.701	1	1	471	2	1	28	2196	0	0
4.711	1	1	472	2	1	28	2196	0	0
4.721	1	1	473	2	1	28	2196	0	0
4.731	1	1	474	2	1	28	2196	0	0
4.741	1	1	475	2	1	28	2196	0	0
4.751	1	1	476	2	1	28	2196	0	0
4.761	1	1	477	2	1	28	2196	0	0
4.771	1	1	478	2	1	28	2196	0	0
4.781	1	1	479	2	1	28	2196	0	0
4.791	1	1	480	2	1	28	2196	0	0
4.801	1	1	481	2	1	28	2196	0	0
4.811	1	1	482	2	1	28	2196	0	0
4.821	1	1	483	2	1	28	2196	0	0
4.831	1	1	484	2	1	28	2196	0	0
4.841	1	1	485	2	1	28	2196	0	0
4.851	1	1	486	2	1	28	2196	0	0
4.861	1	1	487	2	1	28	2196	0	0
4.871	1	1	488	2	1	28	2196	0	0
4.881	1	1	489	2	1	28	2196	0	0
4.891	1	1	490	2	1	28	2196	0	0
4.901	1	1	491	2	1	28	2196	0	0
4.911	1	1	492	2	1	28	2196	0	0
4.921	1	1	493	2	1	28	2196	0	0
4.931	1	1	494	2	1	28	2196	0	0
4.941	1	1	495	2	1	28	2196	0	0
4.951	1	1	496	2	1	28	2196	0	0
4.961	1	1	497	2	1	28	2196	0	0
4.971	1	1	498	2	1	28	2196	0	0
4.981	1	1	499	2	1	28	2196	0	0
4.991	1	1	500	2	1	28	2196	0	0
5.001	1	1	501	2	1	28	2196	0	0
5.011	1	1	502	2	1	28	2196	0	0
5.021	1	1	503	2	1	28	2196	0	0
5.031	1	1	504	2	1	28	2196	0	0
5.041	1	1	505	2	1	28	2196	0	0
5.051	1	1	506	2	1	28	2196	0	0
5.061	1	1	507	2	1	28	2196	0	0
5.071	1	1	508	2	1	28	2196	0	0
5.081	1	1	509	2	1	28	2196	0	0
5.091	1	1	510	2	1	28	2196	0	0
5.101	1	1	511	2	1	28	2196	0	0
5.111	1	1	512	2	1	28	2196	0	0
5.121	1	1	513	2	1	28	2196	0	0
5.131	1	1	514	2	1	28	2196	0	0
5.141	1	1	515	2	1	28	2196	0	0
5.151	1	1	516	2	1	28	2196	0	0
5.161	1	1	517	2	1	28	2196	0	0
5.171	1	1	518	2	1	28	2196	0	0
5.181	1	1	519	2	1	28	2196	0	0
5.191	1	1	520	2	1	28	2196	0	0
5.201	1	1	521	2	1	28	2196	0	0
5.211	1	1	522	2	1	28	2196	0	0
5.221	1	1	523	2	1	28	2196	0	0
5.231	1	1	524	2	1	28	2196	0	0
5.241	1	1	525	2	1	28	2196	0	0
5.251	1	1	526	2	1	28	2196	0	0
5.261	1	1	527	2	1	28	2196	0	0
5.271	1	1	528	2	1	28	2196	0	0
5.281	1	1	529	2	1	28	2196	0	0
5.291	1	1	530	2	1	28	2196	0	0
5.301	1	1	531	2	1	28	2196	0	0
5.311	1	1	532	2	1	28	2196	0	0
5.321	1	1	533	2	1	28	2196	0	0
5.331	1	1	534	2	1	28	2196	0	0
5.341	1	1	535	2	1	28	2196	0	0
5.351	1	1	536	2	1	28	2196	0	0
5.361	1	1	537	2	1	28	2196	0	0
5.371	1	1	538	2	1	28	2196	0	0
5.381	1	1	539	2	1	28	2196	0	0
5.391	1	1	540	2	1	28	2196	0	0
5.401	1	1	541	2	1	28	2196	0	0
5.411	1	1	542	2	1	28	2196	0	0
5.421	1	1	543	2	1	28	2196	0	0
5.431	1	1	544	2	1	28	2196	0	0
5.441	1	1	545	2	1	28	2196	0	0
5.451	1	1	546	2	1	28	2196	0	0
5.461	1	1	547	2	1	28	2196	0	0
5.471	1	1	548	2	1	28	2196	0	0
5.481	1	1	549	2	1	28	2196	0	0
5.491	1	1	550	2	1	28	2196	0	0
5.501	1	1	551	2	1	28	2196	0	0
5.511	1	1	552	2	1	28	2196	0	0
5.521	1	1	553	2	1	28	2196	0	0
5.531	1	1	554	2	1	28	2196	0	0
5.541	1	1	555	2	1	28	2196	0	0
5.551	1	1	556	2	1	28	2196	0	0
5.561	1	1	557	2	1	28	2196	0	0
5.571	1	1	558	2	1	28	2196	0	0
5.581	1	1	559	2	1	28	2196	0	0
5.591	1	1	560	2	1	28	2196	0	0
5.601	1	1	561	2	1	28	2196	0	0
5.611	1	1	562	2	1	28	2196	0	0
5.621	1	1	563	2	1	28	2196	0	0
5.631	1	1	564	2	1	28	2196	0	0
5.641	1	1	565	2	1	28	2196	0	0
5.651	1	1	566	2	1	28	2196	0	0
5.661	1	1	567	2	1	28	2196	0	0
5.671	1	1	568	2	1	28	2196	0	0
5.681	1	1	569	2	1	28	2196	0	0
5.691	1	1	570	2	1	28	2196	0	0
5.701	1	1	571	2	1	28	2196	0	0
5.711	1	1	572	2	1	28	2196	0	0
5.721	1	1	573	2	1	28	2196	0	0
5.731	1	1	574	2	1	28	2196	0	0
5.741	1	1	575	2	1	28	2196	0	0
5.751	1	1	576	2	1	28	2196	0	0
5.761	1	1	577	2	1	28	2196	0	0
5.771	1	1	578	2	1	28	2196	0	0
5.781	1	1	579	2	1	28	2196	0	0
5.791	1	1	580	2	1	28	2196	0	0
5.801	1	1	581	2	1	28	2196	0	0
5.811	1	1	582	2	1	28	2196	0	0
5.821	1	1	583	2	1	28	2196	0	0
5.831	1	1	584	2	1	28	2196	0	0
5.841	1	1	585	2	1	28	2196	0	0
5.851	1	1	586	2	1	28	2196	0	0
5.861	1	1	587	2	1	28	2196	0	0
5.871	1	1	588	2	1	28	2196	0	0
5.881	1	1	589	2	1	28	2196	0	0
5.891	1	1	590	2	1	28	2196	0	0
5.901	1	1	591	2	1	28	2196	0	0
5.911	1	1	592	2	1	28	2196	0	0
5.921	1	1	593	2	1	28	2196	0	0
5.931	1	1	594	2	1	28	2196	0	0
5.941	1	1	595	2	1	28	2196	0	0
5.951	1	1	596	2	1	28	2196	0	0
5.961	1	1	597	2	1	28	2196	0	0
5.971	1	1	598	2	1	28	2196	0	0
5.981	1	1	599	2	1	28	2196	0	0
5.991	1	1	600	2	1	28	2196	0	0
6.001	1	1	601	2	1	28	2196	0	0
6.011	1	1	602	2	1	28	2196	0	0
6.021	1	1	603	2	1	28	2196	0	0
6.031	1	1	604	2	1	28	2196	0	0
6.041	1	1	605	2	1	28	2196	0	0
6.051	1	1	606	2	1	28	2196	0	0
6.061	1	1	607	2	1	28	2196	0	0
6.071	1	1	608	2	1	28	2196	0	0
6.081	1	1	609	2	1	28	2196	0	0
6.091	1	1	610	2	1	28	2196	0	0
6.101	1	1	611	2	1	28	2196	0	0
6.111	1	1	612	2	1	28	2196	0	0
6.121	1	1	613	2	1	28	2196	0	0
6.131	1	1	614	2	1	28	2196	0	0
6.141	1	1	615	2	1	28	2196	0	0
6.151	1	1	616	2	1	28	2196	0	0
6.161	1	1	617	2	1	28	2196	0	0
6.171	1	1	618	2	1	28	2196	0	0
6.181	1	1	619	2	1	28	2196	0	0
6.191	1	1	620	2	1	28	2196	0	0
6.201	1	1	621	2	1	28	2196	0	0
6.211	1	1	622	2	1	28	2196	0	0
6.221	1	1	623	2	1	28	2196	0	0
6.231	1	1	624	2	1	28	2196	0	0
6.241	1	1	625	2	1	28	2196	0	0
6.251	1	1	626	2	1	28	2196	0	0
6.261	1	1	627	2	1	28	2196	0	0
6.271	1	1	628	2	1	28	2196	0	0
6.281	1	1	629	2	1	28	2196	0	0
6.291	1	1	630	2	1	28	2196	0	0
6.301	1	1	631	2	1	28	2196	0	0
6.311	1	1	632	2	1	28	2196	0	0
6.321	1	1	633	2	1	28	2196	0	0
6.331	1	1	634	2	1	28	2196	0	0
6.341	1	1	635	2	1	28	2196	0	0
6.351	1	1	636	2	1	28	2196	0	0
6.361	1	1	637	2	1	28	2196	0	0
6.371	1	1	638	2	1	28	2196	0	0
6.381	1	1	639	2	1	28	2196	0	0
6.391	1	1	640	2	1	28	2196	0	0
6.401	1	1	641	2	1	28	2196	0	0
6.411	1	1	642	2	1	28	2196	0	0
6.421	1	1	643	2	1	28	2196	0	0
6.431	1	1	644	2	1	28	2196	0	0
6.441	1	1	645	2	1	28	2196	0	0
6.451	1	1	646	2	1	28	2196	0	0
6.461	1	1	647	2	1	28	2196	0	0
6.471	1	1	648	2	1	28	2196	0	0
6.481	1	1	649	2	1	28	2196	0	0
6.491	1	1	650	2	1	28	2196	0	0
6.501	1	1	651	2	1	28	2196	0	0
6.511	1	1	652	2	1	28	2196	0	0
6.521	1	1	653	2	1	28	2196	0	0
6.531	1	1	654	2	1	28	2196	0	0
6.541	1	1	655	2	1	28	2196	0	0
6.551	1	1	656	2	1	28	2196	0	0
6.561	1	1	657	2	1	28	2196	0	0
6.571	1	1	658	2	1	28	2196	0	0
6.581	1	1	659	2	1	28	2196	0	0
6.591	1	1	660	2	1	28	2196	0	0
6.601	1	1	661	2	1	28	2196	0	0
6.611	1	1	662	2	1	28	2196	0	0
6.621	1	1	663	2	1	28	2196	0	0
6.631	1	1	664	2	1	28	2196	0	0
6.641	1	1	665	2	1	28	2196	0	0
6.651	1	1	666	2	1	28	2196	0	0
6.661	1	1	667	2	1	28	2196	0	0
6.671	1	1	668	2	1	28	2196	0	0
6.681	1	1	669	2	1	28	2196	0	0
6.691	1	1	670	2	1	28	2196	0	0
6.701	1	1	671	2	1	28	2196	0	0
6.711	1	1	672	2	1	28	2196	0	0
6.721	1	1	673	2	1	28	2196	0	0
6.731	1	1	674	2	1	28	2196	0	0
6.741	1	1	675	2	1	28	2196	0	0
6.751	1	1	676	2	1	28	2196	0	0
6.761	1	1	677	2	1	28	2196	0	0
6.771	1	1	678	2	1	28	2196	0	0
6.781	1	1	679	2	1	28	2196	0	0
6.791	1	1	680	2	1	28	2196	0	0
6.801	1	1	681	2	1	28	2196	0	0
6.811	1	1	682	2	1	28	2196	0	0
6.821	1	1	683	2	1	28	2196	0	0
6.831	1	1	684	2	1	28	2196	0	0
6.841	1	1	685	2	1	28	2196	0	0
6.851	1	1	686	2	1	28	2196	0	0
6.861	1	1	687	2	1	28	2196	0	0
6.871	1	1	688	2	1	28	2196	0	0
6.881	1	1	689	2	1	28	2196	0	0
6.891	1	1	690	2	1	28	2196	0	0
6.901	1	1	691	2	1	28	2196	0	0
6.911	1	1	692	2	1	28	2196	0	0
6.921	1	1	693	2	1	28	2196	0	0
6.931	1	1	694	2	1	28	2196	0	0
6.941	1	1	695	2	1	28	2196	0	0
6.951	1	1	696	2	1	28	2196	0	0
6.961	1	1	697	2	1	28	2196	0	0
6.971	1	1	698	2	1	28	2196	0	0
6.981	1	1	699	2	1	28	2196	0	0
6.991	1	1	700	2	1	28	2196	0	0
7.001	1	1	701	2	1	28	2196	0	0
7.011	1	1	702	2	1	28	2196	0	0
7.021	1	1	703	2	1	28	2196	0	0
7.031	1	1	704	2	1	28	2196	0	0
7.041	1	1	705	2	1	28	2196	0	0
7.051	1	1	706	2	1	28	2196	0	0
7.061	1	1	707	2	1	28	2196	0	0
7.071	1	1	708	2	1	28	2196	0	0
7.081	1	1	709	2	1	28	2196	0	0
7.091	1	1	710	2	1	28	2196	0	0
7.101	1	1	711	2	1	28	2196	0	0
7.111	1	1	712	2	1	28	2196	0	0
7.121	1	1	713	2	1	28	2196	0	0
7.131	1	1	714	2	1	28	2196	0	0
7.141	1	1	715	2	1	28	2196	0	0
7.151	1	1	716	2	1	28	2196	0	0
7.161	1	1	717	2	1	28	2196	0	0
7.171	1	1	718	2	1	28	2196	0	0
7.181	1	1	719	2	1	28	2196	0	0
7.191	1	1	720	2	1	28	2196	0	0
7.201	1	1	721	2	1	28	2196	0	0
7.211	1	1	722	2	1	28	2196	0	0
7.221	1	1	723	2	1	28	2196	0	0
7.231	1	1	724	2	1	28	2196	0	0
7.241	1	1	725	2	1	28	2196	0	0
7.251	1	1	726	2	1	28	2196	0	0
7.261	1	1	727	2	1	28	2196	0	0
7.271	1	1	728	2	1	28	2196	0	0
7.281	1	1	729	2	1	28	2196	0	0
7.291	1	1	730	2	1	28	2196	0	0
7.301	1	1	731	2	1	28	2196	0	0
7.311	1	1	732	2	1	28	2196	0	0
7.321	1	1	733	2	1	28	2196	0	0
7.331	1	1	734	2	1	28	2196	0	0
7.341	1	1	735	2	1	28	2196	0	0
7.351	1	1	736	2	1	28	2196	0	0
7.361	1	1	737	2	1	28	2196	0	0
7.371	1	1	738	2	1	28	2196	0	0
7.381	1	1	739	2	1	28	2196	0	0
7.391	1	1	740	2	1	28	2196	0	0
7.401	1	1	741	2	1	28	2196	0	0
7.411	1	1	742	2	1	28	2196	0	0
7.421	1	1	743	2	1	28	2196	0	0
7.431	1	1	744	2	1	28	2196	0	0
7.441	1	1	745	2	1	28	2196	0	0
7.451	1	1	746	2	1	28	2196	0	0
7.461	1	1	747	2	1	28	2196	0	0
7.471	1	1	748	2	1	28	2196	0	0
7.481	1	1	749	2	1	28	2196	0	0
7.491	1	1	750	2	1	28	2196	0	0
7.501	1	1	751	2	1	28	2196	0	0
7.511	1	1	752	2	1	28	2196	0	0
7.521	1	1	753	2	1	28	2196	0	0
7.531	1	1	754	2	1	28	2196	0	0
7.541	1	1	755	2	1	28	2196	0	0
7.551	1	1	756	2	1	28	2196	0	0
7.561	1	1	757	2	1	28	2196	0	0
7.571	1	1	758	2	1	28	2196	0	0
7.581	1	1	759	2	1	28	2196	0	0
7.591	1	1	760	2	1	28	2196	0	0
7.601	1	1	761	2	1	28	2196	0	0
7.611	1	1	762	2	1	28	2196	0	0
7.621	1	1	763	2	1	28	2196	0	0
7.631	1	1	764	2	1	28	2196	0	0
7.641	1	1	765	2	1	28	2196	0	0
7.651	1	1	766	2	1	28	2196	0	0
7.661	1	1	767	2	1	28	2196	0	0
7.671	1	1	768	2	1	28	2196	0	0
7.681	1	1	769	2	1	28	2196	0	0
7.691	1	1	770	2	1	28	2196	0	0
7.701	1	1	771	2	1	28	2196	0	0
7.711	1	1	772	2	1	28	2196	0	0
7.721	1	1	773	2	1	28	2196	0	0
7.731	1	1	774	2	1	28	2196	0	0
7.741	1	1	775	2	1	28	2196	0	0
7.751	1	1	776	2	1	28	2196	0	0
7.761	1	1	777	2	1	28	2196	0	0
7.771	1	1	778	2	1	28	2196	0	0
7.781	1	1	779	2	1	28	2196	0	0
7.791	1	1	780	2	1	28	2196	0	0
7.801	1	1	781	2	1	28	2196	0	0
7.811	1	1	782	2	1	28	2196	0	0
7.821	1	1	783	2	1	28	2196	0	0
7.831	1	1	784	2	1	28	2196	0	0
7.841	1	1	785	2	1	28	2196	0	0
7.851	1	1	786	2	1	28	2196	0	0
7.861	1	1	787	2	1	28	2196	0	0
7.871	1	1	788	2	1	28	2196	0	0
7.881	1	1	789	2	1	28	2196	0	0
7.891	1	1	790	2	1	28	2196	0	0
7.901	1	1	791	2	1	28	2196	0	0
7.911	1	1	792	2	1	28	2196	0	0
7.921	1	1	793	2	1	28	2196	0	0
7.931	1	1	794	2	1	28	2196	0	0
7.941	1	1	795	2	1	28	2196	0	0
7.951	1	1	796	2	1	28	2196	0	0
7.961	1	1	797	2	1	28	2196	0	0
7.971	1	1	798	2	1	28	2196	0	0
7.981	1	1	799	2	1	28	2196	0	0
7.991	1	1	800	2	1	28	2196	0	0
8.001	1	1	801	2	1	28	2196	0	0
8.011	1	1	802	2	1	28	2196	0	0
8.021	1	1	803	2	1	28	2196	0	0
8.031	1	1	804	2	1	28	2196	0	0
8.041	1	1	805	2	1	28	2196	0	0
8.051	1	1	806	2	1	28	2196	0	0
8.061	1	1	807	2	1	28	2196	0	0
8.071	1	1	808	2	1	28	2196	0	0
8.081	1	1	809	2	1	28	2196	0	0
8.091	1	1	810	2	1	28	2196	0	0
8.101	1	1	811	2	1	28	2196	0	0
8.111	1	1	812	2	1	28	2196	0	0
8.121	1	1	813	2	1	28	2196	0	0
8.131	1	1	814	2	1	28	2196	0	0
8.141	1	1	815	2	1	28	2196	0	0
8.151	1	1	816	2	1	28	2196	0	0
8.161	1	1	817	2	1	28	2196	0	0
8.171	1	1	818	2	1	28	2196	0	0
8.181	1	1	819	2	1	28	2196	0	0
8.191	1	1	820	2	1	28	2196	0	0
8.201	1	1	821	2	1	28	2196	0	0
8.211	1	1	822	2	1	28	2196	0	0
8.221	1	1	823	2	1	28	2196	0	0
8.231	1	1	824	2	1	28	2196	0	0
8.241	1	1	825	2	1	28	2196	0	0
8.251	1	1	826	2	1	28	2196	0	0
8.261	1	1	827	2	1	28	2196	0	0
8.271	1	1	828	2	1	28	2196	0	0
8.281	1	1	829	2	1	28	2196	0	0
8.291	1	1	830	2	1	28	2196	0	0
8.301	1	1	831	2	1	28	2196	0	0
8.311	1	1	832	2	1	28	2196	0	0
8.321	1	1	833	2	1	28	2196	0	0
8.331	1	1	834	2	1	28	2196	0	0
8.341	1	1	835	2	1	28	2196	0	0
8.351	1	1	836	2	1	28	2196	0	0
8.361	1	1	837	2	1	28	2196	0	0
8.371	1	1	838	2	1	28	2196	0	0
8.381	1	1	839	2	1	28	2196	0	0
8.391	1	1	840	2	1	28	2196	0	0
8.401	1	1	841	2	1	28	2196	0	0
8.411	1	1	842	2	1	28	2196	0	0
8.421	1	1	843	2	1	28	2196	0	0
8.431	1	1	844	2	1	28	2196	0	0
8.441	1	1	845	2	1	28	2196	0	0
8.451	1	1	846	2	1	28	2196	0	0
8.461	1	1	847	2	1	28	2196	0	0
8.471	1	1	848	2	1	28	2196	0	0
8.481	1	1	849	2	1	28	2196	0	0
8.491	1	1	850	2	1	28	2196	0	0
8.501	1	1	851	2	1	28	2196	0	0
8.511	1	1	852	2	1	28	2196	0	0
8.521	1	1	853	2	1	28	2196	0	0
8.531	1	1	854	2	1	28	2196	0	0
8.541	1	1	855	2	1	28	2196	0	0
8.551	1	1	856	2	1	28	2196	0	0
8.561	1	1	857	2	1	28	2196	0	0
8.571	1	1	858	2	1	28	2196	0	0
8.581	1	1	859	2	1	28	2196	0	0
8.591	1	1	860	2	1	28	2196	0	0
8.601	1	1	861	2	1	28	2196	0	0
8.611	1	1	862	2	1	28	2196	0	0
8.621	1	1	863	2	1	28	2196	0	0
8.631	1	1	864	2	1	28	2196	0	0
8.641	1	1	865	2	1	28	2196	0	0
8.651	1	1	866	2	1	28	2196	0	0
8.661	1	1	867	2	1	28	2196	0	0
8.671	1	1	868	2	1	28	2196	0	0
8.681	1	1	869	2	1	28	2196	0	0
8.691	1	1	870	2	1	28	2196	0	0
8.701	1	1	871	2	1	28	2196	0	0
8.711	1	1	872	2	1	28	2196	0	0
8.721	1	1	873	2	1	28	2196	0	0
8.731	1	1	874	2	1	28	2196	0	0
8.741	1	1	875	2	1	28	2196	0	0
8.751	1	1	876	2	1	28	2196	0	0
8.761	1	1	877	2	1	28	2196	0	0
8.771	1	1	878	2	1	28	2196	0	0
8.781	1	1	879	2	1	28	2196	0	0
8.791	1	1	880	2	1	28	2196	0	0
8.801	1	1	881	2	1	28	2196	0	0
8.811	1	1	882	2	1	28	2196	0	0
8.821	1	1	883	2	1	28	2196	0	0
8.831	1	1	884	2	1	28	2196	0	0
8.841	1	1	885	2	1	28	2196	0	0
8.851	1	1	886	2	1	28	2196	0	0
8.861	1	1	887	2	1	28	2196	0	0
8.871	1	1	888	2	1	28	2196	0	0
8.881	1	1	889	2	1	28	2196	0	0
8.891	1	1	890	2	1	28	2196	0	0
8.901	1	1	891	2	1	28	2196	0	0
8.911	1	1	892	2	1	28	2196	0	0
8.921	1	1	893	2	1	28	2196	0	0
8.931	1	1	894	2	1	28	2196	0	0
8.941	1	1	895	2	1	28	2196	0	0
8.951	1	1	896	2	1	28	2196	0	0
8.961	1	1	897	2	1	28	2196	0	0
8.971	1	1	898	2	1	28	2196	0	0
8.981	1	1	899	2	1	28	2196	0	0
8.991	1	1	900	2	1	28	2196	0	0
9.001	1	1	901	2	1	28	2196	0	0
9.011	1	1	902	2	1	28	2196	0	0
9.021	1	1	903	2	1	28	2196	0	0
9.031	1	1	904	2	1	28	2196	0	0
9.041	1	1	905	2	1	28	2196	0	0
9.051	1	1	906	2	1	28	2196	0	0
9.061	1	1	907	2	1	28	2196	0	0
9.071	1	1	908	2	1	28	2196	0	0
9.081	1	1	909	2	1	28	2196	0	0
9.091	1	1	910	2	1	28	2196	0	0
9.101	1	1	911	2	1	28	2196	0	0
9.111	1	1	912	2	1	28	2196	0	0
9.121	1	1	913	2	1	28	2196	0	0
9.131	1	1	914	2	1	28	2196	0	0
9.141	1	1	915	2	1	28	2196	0	0
9.151	1	1	916	2	1	28	2196	0	0
9.161	1	1	917	2	1	28	2196	0	0
9.171	1	1	918	2	1	28	2196	0	0
9.181	1	1	919	2	1	28	2196	0	0
9.191	1	1	920	2	1	28	2196	0	0
9.201	1	1	921	2	1	28	2196	0	0
9.211	1	1	922	2	1	28	2196	0	0
9.221	1	1	923	2	1	28	2196	0	0
9.231	1	1	924	2	1	28	2196	0	0
9.241	1	1	925	2	1	28	2196	0	0
9.251	1	1	926	2	1	28	2196	0	0
9.261	1	1	927	2	1	28	2196	0	0
9.271	1	1	928	2	1	28	2196	0	0
9.281	1	1	929	2	1	28	2196	0	0
9.291	1	1	930	2	1	28	2196	0	0
9.301	1	1	931	2	1	28	2196	0	0
9.311	1	1	932	2	1	28	2196	0	0
9.321	1	1	933	2	1	28	2196	0	0
9.331	1	1	934	2	1	28	2196	0	0
9.341	1	1	935	2	1	28	2196	0	0
9.351	1	1	936	2	1	28	2196	0	0
9.361	1	1	937	2	1	28	2196	0	0
9.371	1	1	938	2	1	28	2196	0	0
9.381	1	1	939	2	1	28	2196	0	0
9.391	1	1	940	2	1	28	2196	0	0
9.401	1	1	941	2	1	28	2196	0	0
9.411	1	1	942	2	1	28	2196	0	0
9.421	1	1	943	2	1	28	2196	0	0
9.431	1	1	944	2	1	28	2196	0	0
9.441	1	1	945	2	1	28	2196	0	0
9.451	1	1	946	2	1	28	2196	0	0
9.461	1	1	947	2	1	28	2196	0	0
9.471	1	1	948	2	1	28	2196	0	0
9.481	1	1	949	2	1	28	2196	0	0
9.491	1	1	950	2	1	28	2196	0	0
9.501	1	1	951	2	1	28	2196	0	0
9.511	1	1	952	2	1	28	2196	0	0
9.521	1	1	953	2	1	28	2196	0	0
9.531	1	1	954	2	1	28	2196	0	0
9.541	1	1	955	2	1	28	2196	0	0
9.551	1	1	956	2	1	28	2196	0	0
9.561	1	1	957	2	1	28	2196	0	0
9.571	1	1	958	2	1	28	2196	0	0
9.581	1	1	959	2	1	28	2196	0	0
9.591	1	1	960	2	1	28	2196	0	0
9.601	1	1	961	2	1	28	2196	0	0
9.611	1	1	962	2	1	28	2196	0	0
9.621	1	1	963	2	1	28	2196	0	0
9.631	1	1	964	2	1	28	2196	0	0
9.641	1	1	965	2	1	28	2196	0	0
9.651	1	1	966	2	1	28	2196	0	0
9.661	1	1	967	2	1	28	2196	0	0
9.671	1	1	968	2	1	28	2196	0	0
9.681	1	1	969	2	1	28	2196	0	0
9.691	1	1	970	2	1	28	2196	0	0
9.701	1	1	971	2	1	28	2196	0	0
9.711	1	1	972	2	1	28	2196	0	0
9.721	1	1	973	2	1	28	2196	0	0
9.731	1	1	974	2	1	28	2196	0	0
9.741	1	1	975	2	1	28	2196	0	0
9.751	1	1	976	2	1	28	2196	0	0
9.761	1	1	977	2	1	28	2196	0	0
9.771	1	1	978	2	1	28	2196	0	0
9.781	1	1	979	2	1	28	2196	0	0
9.791	1	1	980	2	1	28	2196	0	0
9.801	1	1	981	2	1	28	2196	0	0
9.811	1	1	982	2	1	28	2196	0	0
9.821	1	1	983	2	1	28	2196	0	0
9.831	1	1	984	2	1	28	2196	0	0
9.841	1	1	985	2	1	28	2196	0	0
9.851	1	1	986	2	1	28	2196	0	0
9.861	1	1	987	2	1	28	2196	0	0
9.871	1	1	988	2	1	28	2196	0	0
9.881	1	1	989	2	1	28	2196	0	0
9.891	1	1	990	2	1	28	2196	0	0
9.901	1	1	991	2	1	28	2196	0	0
9.911	1	1	992	2	1	28	2196	0	0
9.921	1	1	993	2	1	28	2196	0	0
9.931	1	1	994	2	1	28	2196	0	0
9.941	1	1	995	2	1	28	2196	0	0
9.951	1	1	996	2	1	28	2196	0	0
9.961	1	1	997	2	1	28	2196	0	0
9.971	1	1	998	2	1	28	2196	0	0
9.981	1	1	999	2	1	28	2196	0	0
9.991	1	1	1000	2	1	28	2196	0	0
10.001	1	1	1001	2	1	28	2196	0	0
10.011	1	1	1002	2	1	28	2196	0	0
10.021	1	1	1003	2	1	28	2196	0	0
10.031	1	1	1004	2	1	28	2196	0	0
10.041	1	1	1005	2	1	28	2196	0	0
10.051	1	1	1006	2	1	28	2196	0	0
10.061	1	1	1007	2	1	28	2196	0	0
10.071	1	1	1008	2	1	28	2196	0	0
10.081	1	1	1009	2	1	28	2196	0	0
10.091	1	1	1010	2	1	28	2196	0	0
10.101	1	1	1011	2	1	28	2196	0	0
10.111	1	1	1012	2	1	28	2196	0	0
10.121	1	1	1013	2	1	28	2196	0	0
10.131	1	1	1014	2	1	28	2196	0	0
10.141	1	1	1015	2	1	28	2196	0	0
10.151	1	1	1016	2	1	28	2196	0	0
10.161	1	1	1017	2	1	28	2196	0	0
10.171	1	1	1018	2	1	28	2196	0	0
10.181	1	1	1019	2	1	28	2196	0	0
10.191	1	1	1020	2	1	28	2196	0	0
10.201	1	1	1021	2	1	28	2196	0	0
10.211	1	1	1022	2	1	28	2196	0	0
10.221	1	1	1023	2	1	28	2196	0	0
10.231	1	1	1024	2	1	28	2196	0	0
10.241	1	1	1025	2	1	28	2196	0	0
10.251	1	1	1026	2	1	28	2196	0	0
10.261	1	1	1027	2	1	28	2196	0	0
10.271	1	1	1028	2	1	28	2196	0	0
10.281	1	1	1029	2	1	28	2196	0	0
10.291	1	1	1030	2	1	28	2196	0	0
10.301	1	1	1031	2	1	28	2196	0	0
10.311	1	1	1032	2	1	28	2196	0	0
10.321	1	1	1033	2	1	28	2196	0	0
10.331	1	1	1034	2	1	28	2196	0	0
10.341	1	1	1035	2	1	28	2196	0	0
10.351	1	1	1036	2	1	28	2196	0	0
10.361	1	1	1037	2	1	28	2196	0	0
10.371	1	1	1038	2	1	28	2196	0	0
10.381	1	1	1039	2	1	28	2196	0	0
10.391	1	1	1040	2	1	28	2196	0	0
10.401	1	1	1041	2	1	28	2196	0	0
10.411	1	1	1042	2	1	28	2196	0	0
10.421	1	1	1043	2	1	28	2196	0	0
10.431	1	1	1044	2	1	28	2196	0	0
10.441	1	1	1045	2	1	28	2196	0	0
10.451	1	1	1046	2	1	28	2196	0	0
10.461	1	1	1047	2	1	28	2196	0	0
10.471	1	1	1048	2	1	28	2196	0	0
10.481	1	1	1049	2	1	28	2196	0	0
10.491	1	1	1050	2	1	28	2196	0	0
10.501	1	1	1051	2	1	28	2196	0	0
10.511	1	1	1052	2	1	28	2196	0	0
10.521	1	1	1053	2	1	28	2196	0	0
10.531	1	1	1054	2	1	28	2196	0	0
10.541	1	1	1055	2	1	28	2196	0	0
10.551	1	1	1056	2	1	28	2196	0	0
10.561	1	1	1057	2	1	28	2196	0	0
10.571	1	1	1058	2	1	28	2196	0	0
10.581	1	1	1059	2	1	28	2196	0	0
10.591	1	1	1060	2	1	28	2196	0	0
10.601	1	1	1061	2	1	28	2196	0	0
10.611	1	1	1062	2	1	28	2196	0	0
10.621	1	1	1063	2	1	28	2196	0	0
10.631	1	1	1064	2	1	28	2196	0	0
10.641	1	1	1065	2	1	28	2196	0	0
10.651	1	1	1066	2	1	28	2196	0	0
10.661	1	1	1067	2	1	28	2196	0	0
10.671	1	1	1068	2	1	28	2196	0	0
10.681	1	1	1069	2	1	28	2196	0	0
10.691	1	1	1070	2	1	28	2196	0	0
10.701	1	1	1071	2	1	28	2196	0	0
10.711	1	1	1072	2	1	28	2196	0	0
10.721	1	1	1073	2	1	28	2196	0	0
10.731	1	1	1074	2	1	28	2196	0	0
10.741	1	1	1075	2	1	28	2196	0	0
10.751	1	1	1076	2	1	28	2196	0	0
10.761	1	1	1077	2	1	28	2196	0	0
10.771	1	1	1078	2	1	28	2196	0	0
10.781	1	1	1079	2	1	28	2196	0	0
10.791	1	1	1080	2	1	28	2196	0	0
10.801	1	1	1081	2	1	28	2196	0	0
10.811	1	1	1082	2	1	28	2196	0	0
10.821	1	1	1083	2	1	28	2196	0	0
10.831	1	1	1084	2	1	28	2196	0	0
10.841	1	1	1085	2	1	28	2196	0	0
10.851	1	1	1086	2	1	28	2196	0	0
10.861	1	1	1087	2	1	28	2196	0	0
10.871	1	1	1088	2	1	28	2196	0	0
10.881	1	1	1089	2	1	28	2196	0	0
10.891	1	1	1090	2	1	28	2196	0	0
10.901	1	1	1091	2	1	28	2196	0	0
10.911	1	1	1092	2	1	28	2196	0	0
10.921	1	1	1093	2	1	28	2196	0	0
10.931	1	1	1094	2	1	28	2196	0	0
10.941	1	1	1095	2	1	28	2196	0	0
10.951	1	1	1096	2	1	28	2196	0	0
10.961	1	1	1097	2	1	28	2196	0	0
10.971	1	1	1098	2	1	28	2196	0	0
10.981	1	1	1099	2	1	28	2196	0	0
10.991	1	1	1100	2	1	28	2196	0	0
11.001	1	1	1101	2	1	28	2196	0	0
11.011	2	1	1102	2	1	28	2196	0	0
11.021	2	1	1103	2	1	28	2196	0	0
11.031	2	1	1104	2	1	28	2196	0	0
11.041	2	1	1105	2	1	28	2196	0	0
11.051	2	1	1106	2	1	28	2196	0	0
11.061	2	1	1107	2	1	28	2196	0	0
11.071	2	1	1108	2	1	28	2196	0	0
11.081	2	1	1109	2	1	28	2196	0	0
11.091	2	1	1110	2	1	28	2196	0	0
11.101	2	1	1111	2	1	28	2196	0	0
11.111	2	1	1112	2	1	28	2196	0	0
11.121	2	1	1113	2	1	28	2196	0	0
11.131	2	1	1114	2	1	28	2196	0	0
11.141	2	1	1115	2	1	28	2196	0	0
11.151	2	1	1116	2	1	28	2196	0	0
11.161	2	1	1117	2	1	28	2196	0	0
11.171	2	1	1118	2	1	28	2196	0	0
11.181	2	1	1119	2	1	28	2196	0	0
11.191	2	1	1120	2	1	28	2196	0	0
11.201	2	1	1121	2	1	28	2196	0	0
11.211	2	1	1122	2	1	28	2196	0	0
11.221	2	1	1123	2	1	28	2196	0	0
11.231	2	1	1124	2	1	28	2196	0	0
11.241	2	1	1125	2	1	28	2196	0	0
11.251	2	1	1126	2	1	28	2196	0	0
11.261	2	1	1127	2	1	28	2196	0	0
11.271	2	1	1128	2	1	28	2196	0	0
11.281	2	1	1129	2	1	28	2196	0	0
11.291	2	1	1130	2	1	28	2196	0	0
11.301	2	1	1131	2	1	28	2196	0	0
11.311	2	1	1132	2	1	28	2196	0	0
11.321	2	1	1133	2	1	28	2196	0	0
11.331	2	1	1134	2	1	28	2196	0	0
11.341	2	1	1135	2	1	28	2196	0	0
11.351	2	1	1136	2	1	28	2196	0	0
11.361	2	1	1137	2	1	28	2196	0	0
11.371	2	1	1138	2	1	28	2196	0	0
11.381	2	1	1139	2	1	28	2196	0	0
11.391	2	1	1140	2	1	28	2196	0	0
11.401	2	1	1141	2	1	28	2196	0	0
11.411	2	1	1142	2	1	28	2196	0	0
11.421	2	1	1143	2	1	28	2196	0	0
11.431	2	1	1144	2	1	28	2196	0	0
11.441	2	1	1145	2	1	28	2196	0	0
11.451	2	1	1146	2	1	28	2196	0	0
11.461	2	1	1147	2	1	28	2196	0	0
11.471	2	1	1148	2	1	28	2196	0	0
11.481	2	1	1149	2	1	28	2196	0	0
11.491	2	1	1150	2	1	28	2196	0	0
11.501	2	1	1151	2	1	28	2196	0	0
11.511	2	1	1152	2	1	28	2196	0	0
11.521	2	1	1153	2	1	28	2196	0	0
11.531	2	1	1154	2	1	28	2196	0	0
11.541	2	1	1155	2	1	28	2196	0	0
11.551	2	1	1156	2	1	28	2196	0	0
11.561	2	1	1157	2	1	28	2196	0	0
11.571	2	1	1158	2	1	28	2196	0	0
11.581	2	1	1159	2	1	28	2196	0	0
11.591	2	1	1160	2	1	28	2196	0	0
11.601	2	1	1161	2	1	28	2196	0	0
11.611	2	1	1162	2	1	28	2196	0	0
11.621	2	1	1163	2	1	28	2196	0	0
11.631	2	1	1164	2	1	28	2196	0	0
11.641	2	1	1165	2	1	28	2196	0	0
11.651	2	1	1166	2	1	28	2196	0	0
11.661	2	1	1167	2	1	28	2196	0	0
11.671	2	1	1168	2	1	28	2196	0	0
11.681	2	1	1169	2	1	28	2196	0	0
11.691	2	1	1170	2	1	28	2196	0	0
11.701	2	1	1171	2	1	28	2196	0	0
11.711	2	1	1172	2	1	28	2196	0	0
11.721	2	1	1173	2	1	28	2196	0	0
11.731	2	1	1174	2	1	28	2196	0	0
11.741	2	1	1175	2	1	28	2196	0	0
11.751	2	1	1176	2	1	28	2196	0	0
11.761	2	1	1177	2	1	28	2196	0	0
11.771	2	1	1178	2	1	28	2196	0	0
11.781	2	1	1179	2	1	28	2196	0	0
11.791	2	1	1180	2	1	28	2196	0	0
11.801	2	1	1181	2	1	28	2196	0	0
11.811	2	1	1182	2	1	28	2196	0	0
11.821	2	1	1183	2	1	28	2196	0	0
11.831	2	1	1184	2	1	28	2196	0	0
11.841	2	1	1185	2	1	28	2196	0	0
11.851	2	1	1186	2	1	28	2196	0	0
11.861	2	1	1187	2	1	28	2196	0	0
11.871	2	1	1188	2	1	28	2196	0	0
11.881	2	1	1189	2	1	28	2196	0	0
11.891	2	1	1190	2	1	28	2196	0	0
11.901	2	1	1191	2	1	28	2196	0	0
11.911	2	1	1192	2	1	28	2196	0	0
11.921	2	1	1193	2	1	28	2196	0	0
11.931	2	1	1194	2	1	28	2196	0	0
11.941	2	1	1195	2	1	28	2196	0	0
11.951	2	1	1196	2	1	28	2196	0	0
11.961	2	1	1197	2	1	28	2196	0	0
11.971	2	1	1198	2	1	28	2196	0	0
11.981	2	1	1199	2	1	28	2196	0	0
11.991	2	1	1200	2	1	28	2196	0	0
12.001	2	1	1201	2	1	28	2196	0	0
12.011	2	1	1202	2	1	28	2196	0	0
12.021	2	1	1203	2	1	28	2196	0	0
12.031	2	1	1204	2	1	28	2196	0	0
12.041	2	1	1205	2	1	28	2196	0	0
12.051	2	1	1206	2	1	28	2196	0	0
12.061	2	1	1207	2	1	28	2196	0	0
12.071	2	1	1208	2	1	28	2196	0	0
12.081	2	1	1209	2	1	28	2196	0	0
12.091	2	1	1210	2	1	28	2196	0	0
12.101	2	1	1211	2	1	28	2196	0	0
12.111	2	1	1212	2	1	28	2196	0	0
12.121	2	1	1213	2	1	28	2196	0	0
12.131	2	1	1214	2	1	28	2196	0	0
12.141	2	1	1215	2	1	28	2196	0	0
12.151	2	1	1216	2	1	28	2196	0	0
12.161	2	1	1217	2	1	28	2196	0	0
12.171	2	1	1218	2	1	28	2196	0	0
12.181	2	1	1219	2	1	28	2196	0	0
12.191	2	1	1220	2	1	28	2196	0	0
12.201	2	1	1221	2	1	28	2196	0	0
12.211	2	1	1222	2	1	28	2196	0	0
12.221	2	1	1223	2	1	28	2196	0	0
12.231	2	1	1224	2	1	28	2196	0	0
12.241	2	1	1225	2	1	28	2196	0	0
12.251	2	1	1226	2	1	28	2196	0	0
12.261	2	1	1227	2	1	28	2196	0	0
12.271	2	1	1228	2	1	28	2196	0	0
12.281	2	1	1229	2	1	28	2196	0	0
12.291	2	1	1230	2	1	28	2196	0	0
12.301	2	1	1231	2	1	28	2196	0	0
12.311	2	1	1232	2	1	28	2196	0	0
12.321	2	1	1233	2	1	28	2196	0	0
12.331	2	1	1234	2	1	28	2196	0	0
12.341	2	1	1235	2	1	28	2196	0	0
12.351	2	1	1236	2	1	28	2196	0	0
12.361	2	1	1237	2	1	28	2196	0	0
12.371	2	1	1238	2	1	28	2196	0	0
12.381	2	1	1239	2	1	28	2196	0	0
12.391	2	1	1240	2	1	28	2196	0	0
12.401	2	1	1241	2	1	28	2196	0	0
12.411	2	1	1242	2	1	28	2196	0	0
12.421	2	1	1243	2	1	28	2196	0	0
12.431	2	1	1244	2	1	28	2196	0	0
12.441	2	1	1245	2	1	28	2196	0	0
12.451	2	1	1246	2	1	28	2196	0	0
12.461	2	1	1247	2	1	28	2196	0	0
12.471	2	1	1248	2	1	28	2196	0	0
12.481	2	1	1249	2	1	28	2196	0	0
12.491	2	1	1250	2	1	28	2196	0	0
12.501	2	1	1251	2	1	28	2196	0	0
12.511	2	1	1252	2	1	28	2196	0	0
12.521	2	1	1253	2	1	28	2196	0	0
12.531	2	1	1254	2	1	28	2196	0	0
12.541	2	1	1255	2	1	28	2196	0	0
12.551	2	1	1256	2	1	28	2196	0	0
12.561	2	1	1257	2	1	28	2196	0	0
12.571	2	1	1258	2	1	28	2196	0	0
12.581	2	1	1259	2	1	28	2196	0	0
12.591	2	1	1260	2	1	28	2196	0	0
12.601	2	1	1261	2	1	28	2196	0	0
12.611	2	1	1262	2	1	28	2196	0	0
12.621	2	1	1263	2	1	28	2196	0	0
12.631	2	1	1264	2	1	28	2196	0	0
12.641	2	1	1265	2	1	28	2196	0	0
12.651	2	1	1266	2	1	28	2196	0	0
12.661	2	1	1267	2	1	28	2196	0	0
12.671	2	1	1268	2	1	28	2196	0	0
12.681	2	1	1269	2	1	28	2196	0	0
12.691	2	1	1270	2	1	28	2196	0	0
12.701	2	1	1271	2	1	28	2196	0	0
12.711	2	1	1272	2	1	28	2196	0	0
12.721	2	1	1273	2	1	28	2196	0	0
12.731	2	1	1274	2	1	28	2196	0	0
12.741	2	1	1275	2	1	28	2196	0	0
12.751	2	1	1276	2	1	28	2196	0	0
12.761	2	1	1277	2	1	28	2196	0	0
12.771	2	1	1278	2	1	28	2196	0	0
12.781	2	1	1279	2	1	28	2196	0	0
12.791	2	1	1280	2	1	28	2196	0	0
12.801	2	1	1281	2	1	28	2196	0	0
12.811	2	1	1282	2	1	28	2196	0	0
12.821	2	1	1283	2	1	28	2196	0	0
12.831	2	1	1284	2	1	28	2196	0	0
12.841	2	1	1285	2	1	28	2196	0	0
12.851	2	1	1286	2	1	28	2196	0	0
12.861	2	1	1287	2	1	28	2196	0	0
12.871	2	1	1288	2	1	28	2196	0	0
12.881	2	1	1289	2	1	28	2196	0	0
12.891	2	1	1290	2	1	28	2196	0	0
12.901	2	1	1291	2	1	28	2196	0	0
12.911	2	1	1292	2	1	28	2196	0	0
12.921	2	1	1293	2	1	28	2196	0	0
12.931	2	1	1294	2	1	28	2196	0	0
12.941	2	1	1295	2	1	28	2196	0	0
12.951	2	1	1296	2	1	28	2196	0	0
12.961	2	1	1297	2	1	28	2196	0	0
12.971	2	1	1298	2	1	28	2196	0	0
12.981	2	1	1299	2	1	28	2196	0	0
12.991	2	1	1300	2	1	28	2196	0	0
13.001	2	1	1301	2	1	28	2196	0	0
13.011	2	1	1302	2	1	28	2196	0	0
13.021	2	1	1303	2	1	28	2196	0	0
13.031	2	1	1304	2	1	28	2196	0	0
13.041	2	1	1305	2	1	28	2196	0	0
13.051	2	1	1306	2	1	28	2196	0	0
13.061	2	1	1307	2	1	28	2196	0	0
13.071	2	1	1308	2	1	28	2196	0	0
13.081	2	1	1309	2	1	28	2196	0	0
13.091	2	1	1310	2	1	28	2196	0	0
13.101	2	1	1311	2	1	28	2196	0	0
13.111	2	1	1312	2	1	28	2196	0	0
13.121	2	1	1313	2	1	28	2196	0	0
13.131	2	1	1314	2	1	28	2196	0	0
13.141	2	1	1315	2	1	28	2196	0	0
13.151	2	1	1316	2	1	28	2196	0	0
13.161	2	1	1317	2	1	28	2196	0	0
13.171	2	1	1318	2	1	28	2196	0	0
13.181	2	1	1319	2	1	28	2196	0	0
13.191	2	1	1320	2	1	28	2196	0	0
13.201	2	1	1321	2	1	28	2196	0	0
13.211	2	1	1322	2	1	28	2196	0	0
13.221	2	1	1323	2	1	28	2196	0	0
13.231	2	1	1324	2	1	28	2196	0	0
13.241	2	1	1325	2	1	28	2196	0	0
13.251	2	1	1326	2	1	28	2196	0	0
13.261	2	1	1327	2	1	28	2196	0	0
13.271	2	1	1328	2	1	28	2196	0	0
13.281	2	1	1329	2	1	28	2196	0	0
13.291	2	1	1330	2	1	28	2196	0	0
13.301	2	1	1331	2	1	28	2196	0	0
13.311	2	1	1332	2	1	28	2196	0	0
13.321	2	1	1333	2	1	28	2196	0	0
13.331	2	1	1334	2	1	28	2196	0	0
13.341	2	1	1335	2	1	28	2196	0	0
13.351	2	1	1336	2	1	28	2196	0	0
13.361	2	1	1337	2	1	28	2196	0	0
13.371	2	1	1338	2	1	28	2196	0	0
13.381	2	1	1339	2	1	28	2196	0	0
13.391	2	1	1340	2	1	28	2196	0	0
13.401	2	1	1341	2	1	28	2196	0	0
13.411	2	1	1342	2	1	28	2196	0	0
13.421	2	1	1343	2	1	28	2196	0	0
13.431	2	1	1344	2	1	28	2196	0	0
13.441	2	1	1345	2	1	28	2196	0	0
13.451	2	1	1346	2	1	28	2196	0	0
13.461	2	1	1347	2	1	28	2196	0	0
13.471	2	1	1348	2	1	28	2196	0	0
13.481	2	1	1349	2	1	28	2196	0	0
13.491	2	1	1350	2	1	28	2196	0	0
13.501	2	1	1351	2	1	28	2196	0	0
13.511	2	1	1352	2	1	28	2196	0	0
13.521	2	1	1353	2	1	28	2196	0	0
13.531	2	1	1354	2	1	28	2196	0	0
13.541	2	1	1355	2	1	28	2196	0	0
13.551	2	1	1356	2	1	28	2196	0	0
13.561	2	1	1357	2	1	28	2196	0	0
13.571	2	1	1358	2	1	28	2196	0	0
13.581	2	1	1359	2	1	28	2196	0	0
13.591	2	1	1360	2	1	28	2196	0	0
13.601	2	1	1361	2	1	28	2196	0	0
13.611	2	1	1362	2	1	28	2196	0	0
13.621	2	1	1363	2	1	28	2196	0	0
13.631	2	1	1364	2	1	28	2196	0	0
13.641	2	1	1365	2	1	28	2196	0	0
13.651	2	1	1366	2	1	28	2196	0	0
13.661	2	1	1367	2	1	28	2196	0	0
13.671	2	1	1368	2	1	28	2196	0	0
13.681	2	1	1369	2	1	28	2196	0	0
13.691	2	1	1370	2	1	28	2196	0	0
13.701	2	1	1371	2	1	28	2196	0	0
13.711	2	1	1372	2	1	28	2196	0	0
13.721	2	1	1373	2	1	28	2196	0	0
13.731	2	1	1374	2	1	28	2196	0	0
13.741	2	1	1375	2	1	28	2196	0	0
13.751	2	1	1376	2	1	28	2196	0	0
13.761	2	1	1377	2	1	28	2196	0	0
13.771	2	1	1378	2	1	28	2196	0	0
13.781	2	1	1379	2	1	28	2196	0	0
13.791	2	1	1380	2	1	28	2196	0	0
13.801	2	1	1381	2	1	28	2196	0	0
13.811	2	1	1382	2	1	28	2196	0	0
13.821	2	1	1383	2	1	28	2196	0	0
13.831	2	1	1384	2	1	28	2196	0	0
13.841	2	1	1385	2	1	28	2196	0	0
13.851	2	1	1386	2	1	28	2196	0	0
13.861	2	1	1387	2	1	28	2196	0	0
13.871	2	1	1388	2	1	28	2196	0	0
13.881	2	1	1389	2	1	28	2196	0	0
13.891	2	1	1390	2	1	28	2196	0	0
13.901	2	1	1391	2	1	28	2196	0	0
13.911	2	1	1392	2	1	28	2196	0	0
13.921	2	1	1393	2	1	28	2196	0	0
13.931	2	1	1394	2	1	28	2196	0	0
13.941	2	1	1395	2	1	28	2196	0	0
13.951	2	1	1396	2	1	28	2196	0	0
13.961	2	1	1397	2	1	28	2196	0	0
13.971	2	1	1398	2	1	28	2196	0	0
13.981	2	1	1399	2	1	28	2196	0	0
13.991	2	1	1400	2	1	28	2196	0	0
14.001	2	1	1401	2	1	28	2196	0	0
14.011	2	1	1402	2	1	28	2196	0	0
14.021	2	1	1403	2	1	28	2196	0	0
14.031	2	1	1404	2	1	28	2196	0	0
14.041	2	1	1405	2	1	28	2196	0	0
14.051	2	1	1406	2	1	28	2196	0	0
14.061	2	1	1407	2	1	28	2196	0	0
14.071	2	1	1408	2	1	28	2196	0	0
14.081	2	1	1409	2	1	28	2196	0	0
14.091	2	1	1410	2	1	28	2196	0	0
14.101	2	1	1411	2	1	28	2196	0	0
14.111	2	1	1412	2	1	28	2196	0	0
14.121	2	1	1413	2	1	28	2196	0	0
14.131	2	1	1414	2	1	28	2196	0	0
14.141	2	1	1415	2	1	28	2196	0	0
14.151	2	1	1416	2	1	28	2196	0	0
14.161	2	1	1417	2	1	28	2196	0	0
14.171	2	1	1418	2	1	28	2196	0	0
14.181	2	1	1419	2	1	28	2196	0	0
14.191	2	1	1420	2	1	28	2196	0	0
14.201	2	1	1421	2	1	28	2196	0	0
14.211	2	1	1422	2	1	28	2196	0	0
14.221	2	1	1423	2	1	28	2196	0	0
14.231	2	1	1424	2	1	28	2196	0	0
14.241	2	1	1425	2	1	28	2196	0	0
14.251	2	1	1426	2	1	28	2196	0	0
14.261	2	1	1427	2	1	28	2196	0	0
14.271	2	1	1428	2	1	28	2196	0	0
14.281	2	1	1429	2	1	28	2196	0	0
14.291	2	1	1430	2	1	28	2196	0	0
14.301	2	1	1431	2	1	28	2196	0	0
14.311	2	1	1432	2	1	28	2196	0	0
14.321	2	1	1433	2	1	28	2196	0	0
14.331	2	1	1434	2	1	28	2196	0	0
14.341	2	1	1435	2	1	28	2196	0	0
14.351	2	1	1436	2	1	28	2196	0	0
14.361	2	1	1437	2	1	28	2196	0	0
14.371	2	1	1438	2	1	28	2196	0	0
14.381	2	1	1439	2	1	28	2196	0	0
14.391	2	1	1440	2	1	28	2196	0	0
14.401	2	1	1441	2	1	28	2196	0	0
14.411	2	1	1442	2	1	28	2196	0	0
14.421	2	1	1443	2	1	28	2196	0	0
14.431	2	1	1444	2	1	28	2196	0	0
14.441	2	1	1445	2	1	28	2196	0	0
14.451	2	1	1446	2	1	28	2196	0	0
14.461	2	1	1447	2	1	28	2196	0	0
14.471	2	1	1448	2	1	28	2196	0	0
14.481	2	1	1449	2	1	28	2196	0	0
14.491	2	1	1450	2	1	28	2196	0	0
14.501	2	1	1451	2	1	28	2196	0	0
14.511	2	1	1452	2	1	28	2196	0	0
14.521	2	1	1453	2	1	28	2196	0	0
14.531	2	1	1454	2	1	28	2196	0	0
14.541	2	1	1455	2	1	28	2196	0	0
14.551	2	1	1456	2	1	28	2196	0	0
14.561	2	1	1457	2	1	28	2196	0	0
14.571	2	1	1458	2	1	28	2196	0	0
14.581	2	1	1459	2	1	28	2196	0	0
14.591	2	1	1460	2	1	28	2196	0	0
14.601	2	1	1461	2	1	28	2196	0	0
14.611	2	1	1462	2	1	28	2196	0	0
14.621	2	1	1463	2	1	28	2196	0	0
14.631	2	1	1464	2	1	28	2196	0	0
14.641	2	1	1465	2	1	28	2196	0	0
14.651	2	1	1466	2	1	28	2196	0	0
14.661	2	1	1467	2	1	28	2196	0	0
14.671	2	1	1468	2	1	28	2196	0	0
14.681	2	1	1469	2	1	28	2196	0	0
14.691	2	1	1470	2	1	28	2196	0	0
14.701	2	1	1471	2	1	28	2196	0	0
14.711	2	1	1472	2	1	28	2196	0	0
14.721	2	1	1473	2	1	28	2196	0	0
14.731	2	1	1474	2	1	28	2196	0	0
14.741	2	1	1475	2	1	28	2196	0	0
14.751	2	1	1476	2	1	28	2196	0	0
14.761	2	1	1477	2	1	28	2196	0	0
14.771	2	1	1478	2	1	28	2196	0	0
14.781	2	1	1479	2	1	28	2196	0	0
14.791	2	1	1480	2	1	28	2196	0	0
14.801	2	1	1481	2	1	28	2196	0	0
14.811	2	1	1482	2	1	28	2196	0	0
14.821	2	1	1483	2	1	28	2196	0	0
14.831	2	1	1484	2	1	28	2196	0	0
14.841	2	1	1485	2	1	28	2196	0	0
14.851	2	1	1486	2	1	28	2196	0	0
14.861	2	1	1487	2	1	28	2196	0	0
14.871	2	1	1488	2	1	28	2196	0	0
14.881	2	1	1489	2	1	28	2196	0	0
14.891	2	1	1490	2	1	28	2196	0	0
14.901	2	1	1491	2	1	28	2196	0	0
14.911	2	1	1492	2	1	28	2196	0	0
14.921	2	1	1493	2	1	28	2196	0	0
14.931	2	1	1494	2	1	28	2196	0	0
14.941	2	1	1495	2	1	28	2196	0	0
14.951	2	1	1496	2	1	28	2196	0	0
14.961	2	1	1497	2	1	28	2196	0	0
14.971	2	1	1498	2	1	28	2196	0	0
14.981	2	1	1499	2	1	28	2196	0	0
14.991	2	1	1500	2	1	28	2196	0	0
15.001	2	1	1501	2	1	28	2196	0	0
15.011	2	1	1502	2	1	28	2196	0	0
15.021	2	1	1503	2	1	28	2196	0	0
15.031	2	1	1504	2	1	28	2196	0	0
15.041	2	1	1505	2	1	28	2196	0	0
15.051	2	1	1506	2	1	28	2196	0	0
15.061	2	1	1507	2	1	28	2196	0	0
15.071	2	1	1508	2	1	28	2196	0	0
15.081	2	1	1509	2	1	28	2196	0	0
15.091	2	1	1510	2	1	28	2196	0	0
15.101	2	1	1511	2	1	28	2196	0	0
15.111	2	1	1512	2	1	28	2196	0	0
15.121	2	1	1513	2	1	28	2196	0	0
15.131	2	1	1514	2	1	28	2196	0	0
15.141	2	1	1515	2	1	28	2196	0	0
15.151	2	1	1516	2	1	28	2196	0	0
15.161	2	1	1517	2	1	28	2196	0	0
15.171	2	1	1518	2	1	28	2196	0	0
15.181	2	1	1519	2	1	28	2196	0	0
15.191	2	1	1520	2	1	28	2196	0	0
15.201	2	1	1521	2	1	28	2196	0	0
15.211	2	1	1522	2	1	28	2196	0	0
15.221	2	1	1523	2	1	28	2196	0	0
15.231	2	1	1524	2	1	28	2196	0	0
15.241	2	1	1525	2	1	28	2196	0	0
15.251	2	1	1526	2	1	28	2196	0	0
15.261	2	1	1527	2	1	28	2196	0	0
15.271	2	1	1528	2	1	28	2196	0	0
15.281	2	1	1529	2	1	28	2196	0	0
15.291	2	1	1530	2	1	28	2196	0	0
15.301	2	1	1531	2	1	28	2196	0	0
15.311	2	1	1532	2	1	28	2196	0	0
15.321	2	1	1533	2	1	28	2196	0	0
15.331	2	1	1534	2	1	28	2196	0	0
15.341	2	1	1535	2	1	28	2196	0	0
15.351	2	1	1536	2	1	28	2196	0	0
15.361	2	1	1537	2	1	28	2196	0	0
15.371	2	1	1538	2	1	28	2196	0	0
15.381	2	1	1539	2	1	28	2196	0	0
15.391	2	1	1540	2	1	28	2196	0	0
15.401	2	1	1541	2	1	28	2196	0	0
15.411	2	1	1542	2	1	28	2196	0	0
15.421	2	1	1543	2	1	28	2196	0	0
15.431	2	1	1544	2	1	28	2196	0	0
15.441	2	1	1545	2	1	28	2196	0	0
15.451	2	1	1546	2	1	28	2196	0	0
15.461	2	1	1547	2	1	28	2196	0	0
15.471	2	1	1548	2	1	28	2196	0	0
15.481	2	1	1549	2	1	28	2196	0	0
15.491	2	1	1550	2	1	28	2196	0	0
15.501	2	1	1551	2	1	28	2196	0	0
15.511	2	1	1552	2	1	28	2196	0	0
15.521	2	1	1553	2	1	28	2196	0	0
15.531	2	1	1554	2	1	28	2196	0	0
15.541	2	1	1555	2	1	28	2196	0	0
15.551	2	1	1556	2	1	28	2196	0	0
15.561	2	1	1557	2	1	28	2196	0	0
15.571	2	1	1558	2	1	28	2196	0	0
15.581	2	1	1559	2	1	28	2196	0	0
15.591	2	1	1560	2	1	28	2196	0	0
15.601	2	1	1561	2	1	28	2196	0	0
15.611	2	1	1562	2	1	28	2196	0	0
15.621	2	1	1563	2	1	28	2196	0	0
15.631	2	1	1564	2	1	28	2196	0	0
15.641	2	1	1565	2	1	28	2196	0	0
15.651	2	1	1566	2	1	28	2196	0	0
15.661	2	1	1567	2	1	28	2196	0	0
15.671	2	1	1568	2	1	28	2196	0	0
15.681	2	1	1569	2	1	28	2196	0	0
15.691	2	1	1570	2	1	28	2196	0	0
15.701	2	1	1571	2	1	28	2196	0	0
15.711	2	1	1572	2	1	28	2196	0	0
15.721	2	1	1573	2	1	28	2196	0	0
15.731	2	1	1574	2	1	28	2196	0	0
15.741	2	1	1575	2	1	28	2196	0	0
15.751	2	1	1576	2	1	28	2196	0	0
15.761	2	1	1577	2	1	28	2196	0	0
15.771	2	1	1578	2	1	28	2196	0	0
15.781	2	1	1579	2	1	28	2196	0	0
15.791	2	1	1580	2	1	28	2196	0	0
15.801	2	1	1581	2	1	28	2196	0	0
15.811	2	1	1582	2	1	28	2196	0	0
15.821	2	1	1583	2	1	28	2196	0	0
15.831	2	1	1584	2	1	28	2196	0	0
15.841	2	1	1585	2	1	28	2196	0	0
15.851	2	1	1586	2	1	28	2196	0	0
15.861	2	1	1587	2	1	28	2196	0	0
15.871	2	1	1588	2	1	28	2196	0	0
15.881	2	1	1589	2	1	28	2196	0	0
15.891	2	1	1590	2	1	28	2196	0	0
15.901	2	1	1591	2	1	28	2196	0	0
15.911	2	1	1592	2	1	28	2196	0	0
15.921	2	1	1593	2	1	28	2196	0	0
15.931	2	1	1594	2	1	28	2196	0	0
15.941	2	1	1595	2	1	28	2196	0	0
15.951	2	1	1596	2	1	28	2196	0	0
15.961	2	1	1597	2	1	28	2196	0	0
15.971	2	1	1598	2	1	28	2196	0	0
15.981	2	1	1599	2	1	28	2196	0	0
15.991	2	1	1600	2	1	28	2196	0	0
16.001	2	1	1601	2	1	28	2196	0	0
16.011	2	1	1602	2	1	28	2196	0	0
16.021	2	1	1603	2	1	28	2196	0	0
16.031	2	1	1604	2	1	28	2196	0	0
16.041	2	1	1605	2	1	28	2196	0	0
16.051	2	1	1606	2	1	28	2196	0	0
16.061	2	1	1607	2	1	28	2196	0	0
16.071	2	1	1608	2	1	28	2196	0	0
16.081	2	1	1609	2	1	28	2196	0	0
16.091	2	1	1610	2	1	28	2196	0	0
16.101	2	1	1611	2	1	28	2196	0	0
16.111	2	1	1612	2	1	28	2196	0	0
16.121	2	1	1613	2	1	28	2196	0	0
16.131	2	1	1614	2	1	28	2196	0	0
16.141	2	1	1615	2	1	28	2196	0	0
16.151	2	1	1616	2	1	28	2196	0	0
16.161	2	1	1617	2	1	28	2196	0	0
16.171	2	1	1618	2	1	28	2196	0	0
16.181	2	1	1619	2	1	28	2196	0	0
16.191	2	1	1620	2	1	28	2196	0	0
16.201	2	1	1621	2	1	28	2196	0	0
16.211	2	1	1622	2	1	28	2196	0	0
16.221	2	1	1623	2	1	28	2196	0	0
16.231	2	1	1624	2	1	28	2196	0	0
16.241	2	1	1625	2	1	28	2196	0	0
16.251	2	1	1626	2	1	28	2196	0	0
16.261	2	1	1627	2	1	28	2196	0	0
16.271	2	1	1628	2	1	28	2196	0	0
16.281	2	1	1629	2	1	28	2196	0	0
16.291	2	1	1630	2	1	28	2196	0	0
16.301	2	1	1631	2	1	28	2196	0	0
16.311	2	1	1632	2	1	28	2196	0	0
16.321	2	1	1633	2	1	28	2196	0	0
16.331	2	1	1634	2	1	28	2196	0	0
16.341	2	1	1635	2	1	28	2196	0	0
16.351	2	1	1636	2	1	28	2196	0	0
16.361	2	1	1637	2	1	28	2196	0	0
16.371	2	1	1638	2	1	28	2196	0	0
16.381	2	1	1639	2	1	28	2196	0	0
16.391	2	1	1640	2	1	28	2196	0	0
16.401	2	1	1641	2	1	28	2196	0	0
16.411	2	1	1642	2	1	28	2196	0	0
16.421	2	1	1643	2	1	28	2196	0	0
16.431	2	1	1644	2	1	28	2196	0	0
16.441	2	1	1645	2	1	28	2196	0	0
16.451	2	1	1646	2	1	28	2196	0	0
16.461	2	1	1647	2	1	28	2196	0	0
16.471	2	1	1648	2	1	28	2196	0	0
16.481	2	1	1649	2	1	28	2196	0	0
16.491	3	1	1650	2	1	28	2196	0	0
16.501	3	1	1651	2	1	28	2196	0	0
16.511	3	1	1652	2	1	28	2196	0	0
16.521	3	1	1653	2	1	28	2196	0	0
16.531	3	1	1654	2	1	28	2196	0	0
16.541	3	1	1655	2	1	28	2196	0	0
16.551	3	1	1656	2	1	28	2196	0	0
16.561	3	1	1657	2	1	28	2196	0	0
16.571	3	1	1658	2	1	28	2196	0	0
16.581	3	1	1659	2	1	28	2196	0	0
16.591	3	1	1660	2	1	28	2196	0	0
16.601	3	1	1661	2	1	28	2196	0	0
16.611	3	1	1662	2	1	28	2196	0	0
16.621	3	1	1663	2	1	28	2196	0	0
16.631	3	1	1664	2	1	28	2196	0	0
16.641	3	1	1665	2	1	28	2196	0	0
16.651	3	1	1666	2	1	28	2196	0	0
16.661	3	1	1667	2	1	28	2196	0	0
16.671	3	1	1668	2	1	28	2196	0	0
16.681	3	1	1669	2	1	28	2196	0	0
16.691	3	1	1670	2	1	28	2196	0	0
16.701	3	1	1671	2	1	28	2196	0	0
16.711	3	1	1672	2	1	28	2196	0	0
16.721	3	1	1673	2	1	28	2196	0	0
16.731	3	1	1674	2	1	28	2196	0	0
16.741	3	1	1675	2	1	28	2196	0	0
16.751	3	1	1676	2	1	28	2196	0	0
16.761	3	1	1677	2	1	28	2196	0	0
16.771	3	1	1678	2	1	28	2196	0	0
16.781	3	1	1679	2	1	28	2196	0	0
16.791	3	1	1680	2	1	28	2196	0	0
16.801	3	1	1681	2	1	28	2196	0	0
16.811	3	1	1682	2	1	28	2196	0	0
16.821	3	1	1683	2	1	28	2196	0	0
16.831	3	1	1684	2	1	28	2196	0	0
16.841	3	1	1685	2	1	28	2196	0	0
16.851	3	1	1686	2	1	28	2196	0	0
16.861	3	1	1687	2	1	28	2196	0	0
16.871	3	1	1688	2	1	28	2196	0	0
16.881	3	1	1689	2	1	28	2196	0	0
16.891	3	1	1690	2	1	28	2196	0	0
16.901	3	1	1691	2	1	28	2196	0	0
16.911	3	1	1692	2	1	28	2196	0	0
16.921	3	1	1693	2	1	28	2196	0	0
16.931	3	1	1694	2	1	28	2196	0	0
16.941	3	1	1695	2	1	28	2196	0	0
16.951	3	1	1696	2	1	28	2196	0	0
16.961	3	1	1697	2	1	28	2196	0	0
16.971	3	1	1698	2	1	28	2196	0	0
16.981	3	1	1699	2	1	28	2196	0	0
16.991	3	1	1700	2	1	28	2196	0	0
17.001	3	1	1701	2	1	28	2196	0	0
17.011	3	1	1702	2	1	28	2196	0	0
17.021	3	1	1703	2	1	28	2196	0	0
17.031	3	1	1704	2	1	28	2196	0	0
17.041	3	1	1705	2	1	28	2196	0	0
17.051	3	1	1706	2	1	28	2196	0	0
17.061	3	1	1707	2	1	28	2196	0	0
17.071	3	1	1708	2	1	28	2196	0	0
17.081	3	1	1709	2	1	28	2196	0	0
17.091	3	1	1710	2	1	28	2196	0	0
17.101	3	1	1711	2	1	28	2196	0	0
17.111	3	1	1712	2	1	28	2196	0	0
17.121	3	1	1713	2	1	28	2196	0	0
17.131	3	1	1714	2	1	28	2196	0	0
17.141	3	1	1715	2	1	28	2196	0	0
17.151	3	1	1716	2	1	28	2196	0	0
17.161	3	1	1717	2	1	28	2196	0	0
17.171	3	1	1718	2	1	28	2196	0	0
17.181	3	1	1719	2	1	28	2196	0	0
17.191	3	1	1720	2	1	28	2196	0	0
17.201	3	1	1721	2	1	28	2196	0	0
17.211	3	1	1722	2	1	28	2196	0	0
17.221	3	1	1723	2	1	28	2196	0	0
17.231	3	1	1724	2	1	28	2196	0	0
17.241	3	1	1725	2	1	28	2196	0	0
17.251	3	1	1726	2	1	28	2196	0	0
17.261	3	1	1727	2	1	28	2196	0	0
17.271	3	1	1728	2	1	28	2196	0	0
17.281	3	1	1729	2	1	28	2196	0	0
17.291	3	1	1730	2	1	28	2196	0	0
17.301	3	1	1731	2	1	28	2196	0	0
17.311	3	1	1732	2	1	28	2196	0	0
17.321	3	1	1733	2	1	28	2196	0	0
17.331	3	1	1734	2	1	28	2196	0	0
17.341	3	1	1735	2	1	28	2196	0	0
17.351	3	1	1736	2	1	28	2196	0	0
17.361	3	1	1737	2	1	28	2196	0	0
17.371	3	1	1738	2	1	28	2196	0	0
17.381	3	1	1739	2	1	28	2196	0	0
17.391	3	1	1740	2	1	28	2196	0	0
17.401	3	1	1741	2	1	28	2196	0	0
17.411	3	1	1742	2	1	28	2196	0	0
17.421	3	1	1743	2	1	28	2196	0	0
17.431	3	1	1744	2	1	28	2196	0	0
17.441	3	1	1745	2	1	28	2196	0	0
17.451	3	1	1746	2	1	28	2196	0	0
17.461	3	1	1747	2	1	28	2196	0	0
17.471	3	1	1748	2	1	28	2196	0	0
17.481	3	1	1749	2	1	28	2196	0	0
17.491	3	1	1750	2	1	28	2196	0	0
17.501	3	1	1751	2	1	28	2196	0	0
17.511	3	1	1752	2	1	28	2196	0	0
17.521	3	1	1753	2	1	28	2196	0	0
17.531	3	1	1754	2	1	28	2196	0	0
17.541	3	1	1755	2	1	28	2196	0	0
17.551	3	1	1756	2	1	28	2196	0	0
17.561	3	1	1757	2	1	28	2196	0	0
17.571	3	1	1758	2	1	28	2196	0	0
17.581	3	1	1759	2	1	28	2196	0	0
17.591	3	1	1760	2	1	28	2196	0	0
17.601	3	1	1761	2	1	28	2196	0	0
17.611	3	1	1762	2	1	28	2196	0	0
17.621	3	1	1763	2	1	28	2196	0	0
17.631	3	1	1764	2	1	28	2196	0	0
17.641	3	1	1765	2	1	28	2196	0	0
17.651	3	1	1766	2	1	28	2196	0	0
17.661	3	1	1767	2	1	28	2196	0	0
17.671	3	1	1768	2	1	28	2196	0	0
17.681	3	1	1769	2	1	28	2196	0	0
17.691	3	1	1770	2	1	28	2196	0	0
17.701	3	1	1771	2	1	28	2196	0	0
17.711	3	1	1772	2	1	28	2196	0	0
17.721	3	1	1773	2	1	28	2196	0	0
17.731	3	1	1774	2	1	28	2196	0	0
17.741	3	1	1775	2	1	28	2196	0	0
17.751	3	1	1776	2	1	28	2196	0	0
17.761	3	1	1777	2	1	28	2196	0	0
17.771	3	1	1778	2	1	28	2196	0	0
17.781	3	1	1779	2	1	28	2196	0	0
17.791	3	1	1780	2	1	28	2196	0	0
17.801	3	1	1781	2	1	28	2196	0	0
17.811	3	1	1782	2	1	28	2196	0	0
17.821	3	1	1783	2	1	28	2196	0	0
17.831	3	1	1784	2	1	28	2196	0	0
17.841	3	1	1785	2	1	28	2196	0	0
17.851	3	1	1786	2	1	28	2196	0	0
17.861	3	1	1787	2	1	28	2196	0	0
17.871	3	1	1788	2	1	28	2196	0	0
17.881	3	1	1789	2	1	28	2196	0	0
17.891	3	1	1790	2	1	28	2196	0	0
17.901	3	1	1791	2	1	28	2196	0	0
17.911	3	1	1792	2	1	28	2196	0	0
17.921	3	1	1793	2	1	28	2196	0	0
17.931	3	1	1794	2	1	28	2196	0	0
17.941	3	1	1795	2	1	28	2196	0	0
17.951	3	1	1796	2	1	28	2196	0	0
17.961	3	1	1797	2	1	28	2196	0	0
17.971	3	1	1798	2	1	28	2196	0	0
17.981	3	1	1799	2	1	28	2196	0	0
17.991	3	1	1800	2	1	28	2196	0	0
18.001	3	1	1801	2	1	28	2196	0	0
18.011	3	1	1802	2	1	28	2196	0	0
18.021	3	1	1803	2	1	28	2196	0	0
18.031	3	1	1804	2	1	28	2196	0	0
18.041	3	1	1805	2	1	28	2196	0	0
18.051	3	1	1806	2	1	28	2196	0	0
18.061	3	1	1807	2	1	28	2196	0	0
18.071	3	1	1808	2	1	28	2196	0	0
18.081	3	1	1809	2	1	28	2196	0	0
18.091	3	1	1810	2	1	28	2196	0	0
18.101	3	1	1811	2	1	28	2196	0	0
18.111	3	1	1812	2	1	28	2196	0	0
18.121	3	1	1813	2	1	28	2196	0	0
18.131	3	1	1814	2	1	28	2196	0	0
18.141	3	1	1815	2	1	28	2196	0	0
18.151	3	1	1816	2	1	28	2196	0	0
18.161	3	1	1817	2	1	28	2196	0	0
18.171	3	1	1818	2	1	28	2196	0	0
18.181	3	1	1819	2	1	28	2196	0	0
18.191	3	1	1820	2	1	28	2196	0	0
18.201	3	1	1821	2	1	28	2196	0	0
18.211	3	1	1822	2	1	28	2196	0	0
18.221	3	1	1823	2	1	28	2196	0	0
18.231	3	1	1824	2	1	28	2196	0	0
18.241	3	1	1825	2	1	28	2196	0	0
18.251	3	1	1826	2	1	28	2196	0	0
18.261	3	1	1827	2	1	28	2196	0	0
18.271	3	1	1828	2	1	28	2196	0	0
18.281	3	1	1829	2	1	28	2196	0	0
18.291	3	1	1830	2	1	28	2196	0	0
18.301	3	1	1831	2	1	28	2196	0	0
18.311	3	1	1832	2	1	28	2196	0	0
18.321	3	1	1833	2	1	28	2196	0	0
18.331	3	1	1834	2	1	28	2196	0	0
18.341	3	1	1835	2	1	28	2196	0	0
18.351	3	1	1836	2	1	28	2196	0	0
18.361	3	1	1837	2	1	28	2196	0	0
18.371	3	1	1838	2	1	28	2196	0	0
18.381	3	1	1839	2	1	28	2196	0	0
18.391	3	1	1840	2	1	28	2196	0	0
18.401	3	1	1841	2	1	28	2196	0	0
18.411	3	1	1842	2	1	28	2196	0	0
18.421	3	1	1843	2	1	28	2196	0	0
18.431	3	1	1844	2	1	28	2196	0	0
18.441	3	1	1845	2	1	28	2196	0	0
18.451	3	1	1846	2	1	28	2196	0	0
18.461	3	1	1847	2	1	28	2196	0	0
18.471	3	1	1848	2	1	28	2196	0	0
18.481	3	1	1849	2	1	28	2196	0	0
18.491	3	1	1850	2	1	28	2196	0	0
18.501	3	1	1851	2	1	28	2196	0	0
18.511	3	1	1852	2	1	28	2196	0	0
18.521	3	1	1853	2	1	28	2196	0	0
18.531	3	1	1854	2	1	28	2196	0	0
18.541	3	1	1855	2	1	28	2196	0	0
18.551	3	1	1856	2	1	28	2196	0	0
18.561	3	1	1857	2	1	28	2196	0	0
18.571	3	1	1858	2	1	28	2196	0	0
18.581	3	1	1859	2	1	28	2196	0	0
18.591	3	1	1860	2	1	28	2196	0	0
18.601	3	1	1861	2	1	28	2196	0	0
18.611	3	1	1862	2	1	28	2196	0	0
18.621	3	1	1863	2	1	28	2196	0	0
18.631	3	1	1864	2	1	28	2196	0	0
18.641	3	1	1865	2	1	28	2196	0	0
18.651	3	1	1866	2	1	28	2196	0	0
18.661	3	1	1867	2	1	28	2196	0	0
18.671	3	1	1868	2	1	28	2196	0	0
18.681	3	1	1869	2	1	28	2196	0	0
18.691	3	1	1870	2	1	28	2196	0	0
18.701	3	1	1871	2	1	28	2196	0	0
18.711	3	1	1872	2	1	28	2196	0	0
18.721	3	1	1873	2	1	28	2196	0	0
18.731	3	1	1874	2	1	28	2196	0	0
18.741	3	1	1875	2	1	28	2196	0	0
18.751	3	1	1876	2	1	28	2196	0	0
18.761	3	1	1877	2	1	28	2196	0	0
18.771	3	1	1878	2	1	28	2196	0	0
18.781	3	1	1879	2	1	28	2196	0	0
18.791	3	1	1880	2	1	28	2196	0	0
18.801	3	1	1881	2	1	28	2196	0	0
18.811	3	1	1882	2	1	28	2196	0	0
18.821	3	1	1883	2	1	28	2196	0	0
18.831	3	1	1884	2	1	28	2196	0	0
18.841	3	1	1885	2	1	28	2196	0	0
18.851	3	1	1886	2	1	28	2196	0	0
18.861	3	1	1887	2	1	28	2196	0	0
18.871	3	1	1888	2	1	28	2196	0	0
18.881	3	1	1889	2	1	28	2196	0	0
18.891	3	1	1890	2	1	28	2196	0	0
18.901	3	1	1891	2	1	28	2196	0	0
18.911	3	1	1892	2	1	28	2196	0	0
18.921	3	1	1893	2	1	28	2196	0	0
18.931	3	1	1894	2	1	28	2196	0	0
18.941	3	1	1895	2	1	28	2196	0	0
18.951	3	1	1896	2	1	28	2196	0	0
18.961	3	1	1897	2	1	28	2196	0	0
18.971	3	1	1898	2	1	28	2196	0	0
18.981	3	1	1899	2	1	28	2196	0	0
18.991	3	1	1900	2	1	28	2196	0	0
19.001	3	1	1901	2	1	28	2196	0	0
19.011	4	1	1902	2	1	28	2196	0	0
19.021	4	1	1903	2	1	28	2196	0	0
19.031	4	1	1904	2	1	28	2196	0	0
19.041	4	1	1905	2	1	28	2196	0	0
19.051	4	1	1906	2	1	28	2196	0	0
19.061	4	1	1907	2	1	28	2196	0	0
19.071	4	1	1908	2	1	28	2196	0	0
19.081	4	1	1909	2	1	28	2196	0	0
19.091	4	1	1910	2	1	28	2196	0	0
19.101	4	1	1911	2	1	28	2196	0	0
19.111	4	1	1912	2	1	28	2196	0	0
19.121	4	1	1913	2	1	28	2196	0	0
19.131	4	1	1914	2	1	28	2196	0	0
19.141	4	1	1915	2	1	28	2196	0	0
19.151	4	1	1916	2	1	28	2196	0	0
19.161	4	1	1917	2	1	28	2196	0	0
19.171	4	1	1918	2	1	28	2196	0	0
19.181	4	1	1919	2	1	28	2196	0	0
19.191	4	1	1920	2	1	28	2196	0	0
19.201	4	1	1921	2	1	28	2196	0	0
19.211	4	1	1922	2	1	28	2196	0	0
19.221	4	1	1923	2	1	28	2196	0	0
19.231	4	1	1924	2	1	28	2196	0	0
19.241	4	1	1925	2	1	28	2196	0	0
19.251	4	1	1926	2	1	28	2196	0	0
19.261	4	1	1927	2	1	28	2196	0	0
19.271	4	1	1928	2	1	28	2196	0	0
19.281	4	1	1929	2	1	28	2196	0	0
19.291	4	1	1930	2	1	28	2196	0	0
19.301	4	1	1931	2	1	28	2196	0	0
19.311	4	1	1932	2	1	28	2196	0	0
19.321	4	1	1933	2	1	28	2196	0	0
19.331	4	1	1934	2	1	28	2196	0	0
19.341	4	1	1935	2	1	28	2196	0	0
19.351	4	1	1936	2	1	28	2196	0	0
19.361	4	1	1937	2	1	28	2196	0	0
19.371	4	1	1938	2	1	28	2196	0	0
19.381	4	1	1939	2	1	28	2196	0	0
19.391	4	1	1940	2	1	28	2196	0	0
19.401	4	1	1941	2	1	28	2196	0	0
19.411	4	1	1942	2	1	28	2196	0	0
19.421	4	1	1943	2	1	28	2196	0	0
19.431	4	1	1944	2	1	28	2196	0	0
19.441	4	1	1945	2	1	28	2196	0	0
19.451	4	1	1946	2	1	28	2196	0	0
19.461	4	1	1947	2	1	28	2196	0	0
19.471	4	1	1948	2	1	28	2196	0	0
19.481	4	1	1949	2	1	28	2196	0	0
19.491	4	1	1950	2	1	28	2196	0	0
19.501	4	1	1951	2	1	28	2196	0	0
19.511	4	1	1952	2	1	28	2196	0	0
19.521	4	1	1953	2	1	28	2196	0	0
19.531	4	1	1954	2	1	28	2196	0	0
19.541	4	1	1955	2	1	28	2196	0	0
19.551	4	1	1956	2	1	28	2196	0	0
19.561	4	1	1957	2	1	28	2196	0	0
19.571	4	1	1958	2	1	28	2196	0	0
19.581	4	1	1959	2	1	28	2196	0	0
19.591	4	1	1960	2	1	28	2196	0	0
19.601	4	1	1961	2	1	28	2196	0	0
19.611	4	1	1962	2	1	28	2196	0	0
19.621	4	1	1963	2	1	28	2196	0	0
19.631	4	1	1964	2	1	28	2196	0	0
19.641	4	1	1965	2	1	28	2196	0	0
19.651	4	1	1966	2	1	28	2196	0	0
19.661	4	1	1967	2	1	28	2196	0	0
19.671	4	1	1968	2	1	28	2196	0	0
19.681	4	1	1969	2	1	28	2196	0	0
19.691	4	1	1970	2	1	28	2196	0	0
19.701	4	1	1971	2	1	28	2196	0	0
19.711	4	1	1972	2	1	28	2196	0	0
19.721	4	1	1973	2	1	28	2196	0	0
19.731	4	1	1974	2	1	28	2196	0	0
19.741	4	1	1975	2	1	28	2196	0	0
19.751	4	1	1976	2	1	28	2196	0	0
19.761	4	1	1977	2	1	28	2196	0	0
19.771	4	1	1978	2	1	28	2196	0	0
19.781	4	1	1979	2	1	28	2196	0	0
19.791	4	1	1980	2	1	28	2196	0	0
19.801	4	1	1981	2	1	28	2196	0	0
19.811	4	1	1982	2	1	28	2196	0	0
19.821	4	1	1983	2	1	28	2196	0	0
19.831	4	1	1984	2	1	28	2196	0	0
19.841	4	1	1985	2	1	28	2196	0	0
19.851	4	1	1986	2	1	28	2196	0	0
19.861	4	1	1987	2	1	28	2196	0	0
19.871	4	1	1988	2	1	28	2196	0	0
19.881	4	1	1989	2	1	28	2196	0	0
19.891	4	1	1990	2	1	28	2196	0	0
19.901	4	1	1991	2	1	28	2196	0	0
19.911	4	1	1992	2	1	28	2196	0	0
19.921	4	1	1993	2	1	28	2196	0	0
19.931	4	1	1994	2	1	28	2196	0	0
19.941	4	1	1995	2	1	28	2196	0	0
19.951	4	1	1996	2	1	28	2196	0	0
19.961	4	1	1997	2	1	28	2196	0	0
19.971	4	1	1998	2	1	28	2196	0	0
19.981	4	1	1999	2	1	28	2196	0	0
19.991	4	1	2000	2	1	28	2196	0	0
20.001	4	1	2001	2	1	28	2196	0	0
20.011	4	1	2002	2	1	28	2196	0	0
20.021	4	1	2003	2	1	28	2196	0	0
20.031	4	1	2004	2	1	28	2196	0	0
20.041	4	1	2005	2	1	28	2196	0	0
20.051	4	1	2006	2	1	28	2196	0	0
20.061	4	1	2007	2	1	28	2196	0	0
20.071	4	1	2008	2	1	28	2196	0	0
20.081	4	1	2009	2	1	28	2196	0	0
20.091	4	1	2010	2	1	28	2196	0	0
20.101	4	1	2011	2	1	28	2196	0	0
20.111	4	1	2012	2	1	28	2196	0	0
20.121	4	1	2013	2	1	28	2196	0	0
20.131	4	1	2014	2	1	28	2196	0	0
20.141	4	1	2015	2	1	28	2196	0	0
20.151	4	1	2016	2	1	28	2196	0	0
20.161	4	1	2017	2	1	28	2196	0	0
20.171	4	1	2018	2	1	28	2196	0	0
20.181	4	1	2019	2	1	28	2196	0	0
20.191	4	1	2020	2	1	28	2196	0	0
20.201	4	1	2021	2	1	28	2196	0	0
20.211	4	1	2022	2	1	28	2196	0	0
20.221	4	1	2023	2	1	28	2196	0	0
20.231	4	1	2024	2	1	28	2196	0	0
20.241	4	1	2025	2	1	28	2196	0	0
20.251	4	1	2026	2	1	28	2196	0	0
20.261	4	1	2027	2	1	28	2196	0	0
20.271	4	1	2028	2	1	28	2196	0	0
20.281	4	1	2029	2	1	28	2196	0	0
20.291	4	1	2030	2	1	28	2196	0	0
20.301	4	1	2031	2	1	28	2196	0	0
20.311	4	1	2032	2	1	28	2196	0	0
20.321	4	1	2033	2	1	28	2196	0	0
20.331	4	1	2034	2	1	28	2196	0	0
20.341	4	1	2035	2	1	28	2196	0	0
20.351	4	1	2036	2	1	28	2196	0	0
20.361	4	1	2037	2	1	28	2196	0	0
20.371	4	1	2038	2	1	28	2196	0	0
20.381	4	1	2039	2	1	28	2196	0	0
20.391	4	1	2040	2	1	28	2196	0	0
20.401	4	1	2041	2	1	28	2196	0	0
20.411	4	1	2042	2	1	28	2196	0	0
20.421	4	1	2043	2	1	28	2196	0	0
20.431	4	1	2044	2	1	28	2196	0	0
20.441	4	1	2045	2	1	28	2196	0	0
20.451	4	1	2046	2	1	28	2196	0	0
20.461	4	1	2047	2	1	28	2196	0	0
20.471	4	1	2048	2	1	28	2196	0	0
20.481	4	1	2049	2	1	28	2196	0	0
20.491	4	1	2050	2	1	28	2196	0	0
20.501	4	1	2051	2	1	28	2196	0	0
20.511	4	1	2052	2	1	28	2196	0	0
20.521	4	1	2053	2	1	28	2196	0	0
20.531	4	1	2054	2	1	28	2196	0	0
20.541	4	1	2055	2	1	28	2196	0	0
20.551	4	1	2056	2	1	28	2196	0	0
20.561	4	1	2057	2	1	28	2196	0	0
20.571	4	1	2058	2	1	28	2196	0	0
20.581	4	1	2059	2	1	28	2196	0	0
20.591	4	1	2060	2	1	28	2196	0	0
20.601	4	1	2061	2	1	28	2196	0	0
20.611	4	1	2062	2	1	28	2196	0	0
20.621	4	1	2063	2	1	28	2196	0	0
20.631	4	1	2064	2	1	28	2196	0	0
20.641	4	1	2065	2	1	28	2196	0	0
20.651	4	1	2066	2	1	28	2196	0	0
20.661	4	1	2067	2	1	28	2196	0	0
20.671	4	1	2068	2	1	28	2196	0	0
20.681	4	1	2069	2	1	28	2196	0	0
20.691	4	1	2070	2	1	28	2196	0	0
20.701	4	1	2071	2	1	28	2196	0	0
20.711	4	1	2072	2	1	28	2196	0	0
20.721	4	1	2073	2	1	28	2196	0	0
20.731	4	1	2074	2	1	28	2196	0	0
20.741	4	1	2075	2	1	28	2196	0	0
20.751	4	1	2076	2	1	28	2196	0	0
20.761	4	1	2077	2	1	28	2196	0	0
20.771	4	1	2078	2	1	28	2196	0	0
20.781	4	1	2079	2	1	28	2196	0	0
20.791	4	1	2080	2	1	28	2196	0	0
20.801	4	1	2081	2	1	28	2196	0	0
20.811	4	1	2082	2	1	28	2196	0	0
20.821	4	1	2083	2	1	28	2196	0	0
20.831	4	1	2084	2	1	28	2196	0	0
20.841	4	1	2085	2	1	28	2196	0	0
20.851	4	1	2086	2	1	28	2196	0	0
20.861	4	1	2087	2	1	28	2196	0	0
20.871	4	1	2088	2	1	28	2196	0	0
20.881	4	1	2089	2	1	28	2196	0	0
20.891	4	1	2090	2	1	28	2196	0	0
20.901	4	1	2091	2	1	28	2196	0	0
20.911	4	1	2092	2	1	28	2196	0	0
20.921	4	1	2093	2	1	28	2196	0	0
20.931	4	1	2094	2	1	28	2196	0	0
20.941	4	1	2095	2	1	28	2196	0	0
20.951	4	1	2096	2	1	28	2196	0	0
20.961	4	1	2097	2	1	28	2196	0	0
20.971	4	1	2098	2	1	28	2196	0	0
20.981	4	1	2099	2	1	28	2196	0	0
20.991	4	1	2100	2	1	28	2196	0	0
21.001	4	1	2101	2	1	28	2196	0	0
21.011	4	1	2102	2	1	28	2196	0	0
21.021	4	1	2103	2	1	28	2196	0	0
21.031	4	1	2104	2	1	28	2196	0	0
21.041	4	1	2105	2	1	28	2196	0	0
21.051	4	1	2106	2	1	28	2196	0	0
21.061	4	1	2107	2	1	28	2196	0	0
21.071	4	1	2108	2	1	28	2196	0	0
21.081	4	1	2109	2	1	28	2196	0	0
21.091	4	1	2110	2	1	28	2196	0	0
21.101	4	1	2111	2	1	28	2196	0	0
21.111	4	1	2112	2	1	28	2196	0	0
21.121	4	1	2113	2	1	28	2196	0	0
21.131	4	1	2114	2	1	28	2196	0	0
21.141	4	1	2115	2	1	28	2196	0	0
21.151	4	1	2116	2	1	28	2196	0	0
21.161	4	1	2117	2	1	28	2196	0	0
21.171	4	1	2118	2	1	28	2196	0	0
21.181	4	1	2119	2	1	28	2196	0	0
21.191	4	1	2120	2	1	28	2196	0	0
21.201	4	1	2121	2	1	28	2196	0	0
21.211	4	1	2122	2	1	28	2196	0	0
21.221	4	1	2123	2	1	28	2196	0	0
21.231	4	1	2124	2	1	28	2196	0	0
21.241	4	1	2125	2	1	28	2196	0	0
21.251	4	1	2126	2	1	28	2196	0	0
21.261	4	1	2127	2	1	28	2196	0	0
21.271	4	1	2128	2	1	28	2196	0	0
21.281	4	1	2129	2	1	28	2196	0	0
21.291	4	1	2130	2	1	28	2196	0	0
21.301	4	1	2131	2	1	28	2196	0	0
21.311	4	1	2132	2	1	28	2196	0	0
21.321	4	1	2133	2	1	28	2196	0	0
21.331	4	1	2134	2	1	28	2196	0	0
21.341	4	1	2135	2	1	28	2196	0	0
21.351	4	1	2136	2	1	28	2196	0	0
21.361	4	1	2137	2	1	28	2196	0	0
21.371	4	1	2138	2	1	28	2196	0	0
21.381	4	1	2139	2	1	28	2196	0	0
21.391	4	1	2140	2	1	28	2196	0	0
21.401	4	1	2141	2	1	28	2196	0	0
21.411	4	1	2142	2	1	28	2196	0	0
21.421	4	1	2143	2	1	28	2196	0	0
21.431	4	1	2144	2	1	28	2196	0	0
21.441	4	1	2145	2	1	28	2196	0	0
21.451	4	1	2146	2	1	28	2196	0	0
21.461	4	1	2147	2	1	28	2196	0	0
21.471	4	1	2148	2	1	28	2196	0	0
21.481	4	1	2149	2	1	28	2196	0	0
21.491	4	1	2150	2	1	28	2196	0	0
21.501	4	1	2151	2	1	28	2196	0	0
21.511	4	1	2152	2	1	28	2196	0	0
21.521	4	1	2153	2	1	28	2196	0	0
21.531	4	1	2154	2	1	28	2196	0	0
21.541	4	1	2155	2	1	28	2196	0	0
21.551	4	1	2156	2	1	28	2196	0	0
21.561	4	1	2157	2	1	28	2196	0	0
21.571	4	1	2158	2	1	28	2196	0	0
21.581	4	1	2159	2	1	28	2196	0	0
21.591	4	1	2160	2	1	28	2196	0	0
21.601	4	1	2161	2	1	28	2196	0	0
21.611	4	1	2162	2	1	28	2196	0	0
21.621	4	1	2163	2	1	28	2196	0	0
21.631	4	1	2164	2	1	28	2196	0	0
21.641	4	1	2165	2	1	28	2196	0	0
21.651	4	1	2166	2	1	28	2196	0	0
21.661	4	1	2167	2	1	28	2196	0	0
21.671	4	1	2168	2	1	28	2196	0	0
21.681	4	1	2169	2	1	28	2196	0	0
21.691	4	1	2170	2	1	28	2196	0	0
21.701	4	1	2171	2	1	28	2196	0	0
21.711	4	1	2172	2	1	28	2196	0	0
21.721	4	1	2173	2	1	28	2196	0	0
21.731	4	1	2174	2	1	28	2196	0	0
21.741	4	1	2175	2	1	28	2196	0	0
21.751	4	1	2176	2	1	28	2196	0	0
21.761	4	1	2177	2	1	28	2196	0	0
21.771	4	1	2178	2	1	28	2196	0	0
21.781	4	1	2179	2	1	28	2196	0	0
21.791	4	1	2180	2	1	28	2196	0	0
21.801	4	1	2181	2	1	28	2196	0	0
21.811	4	1	2182	2	1	28	2196	0	0
21.821	4	1	2183	2	1	28	2196	0	0
21.831	4	1	2184	2	1	28	2196	0	0
21.841	4	1	2185	2	1	28	2196	0	0
21.851	4	1	2186	2	1	28	2196	0	0
21.861	4	1	2187	2	1	28	2196	0	0
21.871	4	1	2188	2	1	28	2196	0	0
21.881	4	1	2189	2	1	28	2196	0	0
21.891	4	1	2190	2	1	28	2196	0	0
21.901	4	1	2191	2	1	28	2196	0	0
21.911	4	1	2192	2	1	28	2196	0	0
21.921	4	1	2193	2	1	28	2196	0	0
21.931	4	1	2194	2	1	28	2196	0	0
21.941	4	1	2195	2	1	28	2196	0	0
21.951	4	1	2196	2	1	28	2196	0	0
21.961	4	1	2197	2	1	28	2196	0	0
21.971	4	1	2198	2	1	28	2196	0	0
21.981	4	1	2199	2	1	28	2196	0	0
21.991	4	1	2200	2	1	28	2196	0	0
22.001	4	1	2201	2	1	28	2196	0	0
22.011	4	1	2202	2	1	28	2196	0	0
22.021	4	1	2203	2	1	28	2196	0	0
22.031	4	1	2204	2	1	28	2196	0	0
22.041	4	1	2205	2	1	28	2196	0	0
22.051	4	1	2206	2	1	28	2196	0	0
22.061	4	1	2207	2	1	28	2196	0	0
22.071	4	1	2208	2	1	28	2196	0	0
22.081	4	1	2209	2	1	28	2196	0	0
22.091	4	1	2210	2	1	28	2196	0	0
22.101	4	1	2211	2	1	28	2196	0	0
22.111	4	1	2212	2	1	28	2196	0	0
22.121	4	1	2213	2	1	28	2196	0	0
22.131	4	1	2214	2	1	28	2196	0	0
22.141	4	1	2215	2	1	28	2196	0	0
22.151	4	1	2216	2	1	28	2196	0	0
22.161	4	1	2217	2	1	28	2196	0	0
22.171	4	1	2218	2	1	28	2196	0	0
22.181	4	1	2219	2	1	28	2196	0	0
22.191	4	1	2220	2	1	28	2196	0	0
22.201	4	1	2221	2	1	28	2196	0	0
22.211	4	1	2222	2	1	28	2196	0	0
22.221	4	1	2223	2	1	28	2196	0	0
22.231	4	1	2224	2	1	28	2196	0	0
22.241	4	1	2225	2	1	28	2196	0	0
22.251	4	1	2226	2	1	28	2196	0	0
22.261	4	1	2227	2	1	28	2196	0	0
22.271	4	1	2228	2	1	28	2196	0	0
22.281	4	1	2229	2	1	28	2196	0	0
22.291	4	1	2230	2	1	28	2196	0	0
22.301	4	1	2231	2	1	28	2196	0	0
22.311	4	1	2232	2	1	28	2196	0	0
22.321	4	1	2233	2	1	28	2196	0	0
22.331	4	1	2234	2	1	28	2196	0	0
22.341	4	1	2235	2	1	28	2196	0	0
22.351	4	1	2236	2	1	28	2196	0	0
22.361	4	1	2237	2	1	28	2196	0	0
22.371	4	1	2238	2	1	28	2196	0	0
22.381	4	1	2239	2	1	28	2196	0	0
22.391	4	1	2240	2	1	28	2196	0	0
22.401	4	1	2241	2	1	28	2196	0	0
22.411	4	1	2242	2	1	28	2196	0	0
22.421	4	1	2243	2	1	28	2196	0	0
22.431	4	1	2244	2	1	28	2196	0	0
22.441	4	1	2245	2	1	28	2196	0	0
22.451	4	1	2246	2	1	28	2196	0	0
22.461	4	1	2247	2	1	28	2196	0	0
22.471	4	1	2248	2	1	28	2196	0	0
22.481	4	1	2249	2	1	28	2196	0	0
22.491	4	1	2250	2	1	28	2196	0	0
22.501	4	1	2251	2	1	28	2196	0	0
22.511	4	1	2252	2	1	28	2196	0	0
22.521	4	1	2253	2	1	28	2196	0	0
22.531	4	1	2254	2	1	28	2196	0	0
22.541	4	1	2255	2	1	28	2196	0	0
22.551	4	1	2256	2	1	28	2196	0	0
22.561	4	1	2257	2	1	28	2196	0	0
22.571	4	1	2258	2	1	28	2196	0	0
22.581	4	1	2259	2	1	28	2196	0	0
22.591	4	1	2260	2	1	28	2196	0	0
22.601	4	1	2261	2	1	28	2196	0	0
22.611	4	1	2262	2	1	28	2196	0	0
22.621	4	1	2263	2	1	28	2196	0	0
22.631	4	1	2264	2	1	28	2196	0	0
22.641	4	1	2265	2	1	28	2196	0	0
22.651	4	1	2266	2	1	28	2196	0	0
22.661	4	1	2267	2	1	28	2196	0	0
22.671	4	1	2268	2	1	28	2196	0	0
22.681	4	1	2269	2	1	28	2196	0	0
22.691	4	1	2270	2	1	28	2196	0	0
22.701	4	1	2271	2	1	28	2196	0	0
22.711	4	1	2272	2	1	28	2196	0	0
22.721	4	1	2273	2	1	28	2196	0	0
22.731	4	1	2274	2	1	28	2196	0	0
22.741	4	1	2275	2	1	28	2196	0	0
22.751	4	1	2276	2	1	28	2196	0	0
22.761	4	1	2277	2	1	28	2196	0	0
22.771	4	1	2278	2	1	28	2196	0	0
22.781	4	1	2279	2	1	28	2196	0	0
22.791	4	1	2280	2	1	28	2196	0	0
22.801	4	1	2281	2	1	28	2196	0	0
22.811	4	1	2282	2	1	28	2196	0	0
22.821	4	1	2283	2	1	28	2196	0	0
22.831	4	1	2284	2	1	28	2196	0	0
22.841	4	1	2285	2	1	28	2196	0	0
22.851	4	1	2286	2	1	28	2196	0	0
22.861	4	1	2287	2	1	28	2196	0	0
22.871	4	1	2288	2	1	28	2196	0	0
22.881	4	1	2289	2	1	28	2196	0	0
22.891	4	1	2290	2	1	28	2196	0	0
22.901	4	1	2291	2	1	28	2196	0	0
22.911	4	1	2292	2	1	28	2196	0	0
22.921	4	1	2293	2	1	28	2196	0	0
22.931	4	1	2294	2	1	28	2196	0	0
22.941	4	1	2295	2	1	28	2196	0	0
22.951	4	1	2296	2	1	28	2196	0	0
22.961	4	1	2297	2	1	28	2196	0	0
22.971	4	1	2298	2	1	28	2196	0	0
22.981	4	1	2299	2	1	28	2196	0	0
22.991	4	1	2300	2	1	28	2196	0	0
23.001	4	1	2301	2	1	28	2196	0	0
23.011	4	1	2302	2	1	28	2196	0	0
23.021	4	1	2303	2	1	28	2196	0	0
23.031	4	1	2304	2	1	28	2196	0	0
23.041	4	1	2305	2	1	28	2196	0	0
23.051	4	1	2306	2	1	28	2196	0	0
23.061	4	1	2307	2	1	28	2196	0	0
23.071	4	1	2308	2	1	28	2196	0	0
23.081	4	1	2309	2	1	28	2196	0	0
23.091	4	1	2310	2	1	28	2196	0	0
23.101	4	1	2311	2	1	28	2196	0	0
23.111	4	1	2312	2	1	28	2196	0	0
23.121	4	1	2313	2	1	28	2196	0	0
23.131	4	1	2314	2	1	28	2196	0	0
23.141	4	1	2315	2	1	28	2196	0	0
23.151	4	1	2316	2	1	28	2196	0	0
23.161	4	1	2317	2	1	28	2196	0	0
23.171	4	1	2318	2	1	28	2196	0	0
23.181	4	1	2319	2	1	28	2196	0	0
23.191	4	1	2320	2	1	28	2196	0	0
23.201	4	1	2321	2	1	28	2196	0	0
23.211	4	1	2322	2	1	28	2196	0	0
23.221	4	1	2323	2	1	28	2196	0	0
23.231	4	1	2324	2	1	28	2196	0	0
23.241	4	1	2325	2	1	28	2196	0	0
23.251	4	1	2326	2	1	28	2196	0	0
23.261	4	1	2327	2	1	28	2196	0	0
23.271	4	1	2328	2	1	28	2196	0	0
23.281	4	1	2329	2	1	28	2196	0	0
23.291	4	1	2330	2	1	28	2196	0	0
23.301	4	1	2331	2	1	28	2196	0	0
23.311	4	1	2332	2	1	28	2196	0	0
23.321	4	1	2333	2	1	28	2196	0	0
23.331	4	1	2334	2	1	28	2196	0	0
23.341	4	1	2335	2	1	28	2196	0	0
23.351	4	1	2336	2	1	28	2196	0	0
23.361	4	1	2337	2	1	28	2196	0	0
23.371	4	1	2338	2	1	28	2196	0	0
23.381	4	1	2339	2	1	28	2196	0	0
23.391	4	1	2340	2	1	28	2196	0	0
23.401	4	1	2341	2	1	28	2196	0	0
23.411	4	1	2342	2	1	28	2196	0	0
23.421	4	1	2343	2	1	28	2196	0	0
23.431	4	1	2344	2	1	28	2196	0	0
23.441	4	1	2345	2	1	28	2196	0	0
23.451	4	1	2346	2	1	28	2196	0	0
23.461	4	1	2347	2	1	28	2196	0	0
23.471	4	1	2348	2	1	28	2196	0	0
23.481	4	1	2349	2	1	28	2196	0	0
23.491	4	1	2350	2	1	28	2196	0	0
23.501	4	1	2351	2	1	28	2196	0	0
23.511	4	1	2352	2	1	28	2196	0	0
23.521	4	1	2353	2	1	28	2196	0	0
23.531	4	1	2354	2	1	28	2196	0	0
23.541	4	1	2355	2	1	28	2196	0	0
23.551	4	1	2356	2	1	28	2196	0	0
23.561	4	1	2357	2	1	28	2196	0	0
23.571	4	1	2358	2	1	28	2196	0	0
23.581	4	1	2359	2	1	28	2196	0	0
23.591	4	1	2360	2	1	28	2196	0	0
23.601	4	1	2361	2	1	28	2196	0	0
23.611	4	1	2362	2	1	28	2196	0	0
23.621	4	1	2363	2	1	28	2196	0	0
23.631	4	1	2364	2	1	28	2196	0	0
23.641	4	1	2365	2	1	28	2196	0	0
23.651	4	1	2366	2	1	28	2196	0	0
23.661	4	1	2367	2	1	28	2196	0	0
23.671	4	1	2368	2	1	28	2196	0	0
23.681	4	1	2369	2	1	28	2196	0	0
23.691	4	1	2370	2	1	28	2196	0	0
23.701	4	1	2371	2	1	28	2196	0	0
23.711	4	1	2372	2	1	28	2196	0	0
23.721	4	1	2373	2	1	28	2196	0	0
23.731	4	1	2374	2	1	28	2196	0	0
23.741	4	1	2375	2	1	28	2196	0	0
23.751	4	1	2376	2	1	28	2196	0	0
23.761	4	1	2377	2	1	28	2196	0	0
23.771	4	1	2378	2	1	28	2196	0	0
23.781	4	1	2379	2	1	28	2196	0	0
23.791	4	1	2380	2	1	28	2196	0	0
23.801	4	1	2381	2	1	28	2196	0	0
23.811	4	1	2382	2	1	28	2196	0	0
23.821	4	1	2383	2	1	28	2196	0	0
23.831	4	1	2384	2	1	28	2196	0	0
23.841	4	1	2385	2	1	28	2196	0	0
23.851	4	1	2386	2	1	28	2196	0	0
23.861	4	1	2387	2	1	28	2196	0	0
23.871	4	1	2388	2	1	28	2196	0	0
23.881	4	1	2389	2	1	28	2196	0	0
23.891	4	1	2390	2	1	28	2196	0	0
23.901	4	1	2391	2	1	28	2196	0	0
23.911	4	1	2392	2	1	28	2196	0	0
23.921	4	1	2393	2	1	28	2196	0	0
23.931	4	1	2394	2	1	28	2196	0	0
23.941	4	1	2395	2	1	28	2196	0	0
23.951	4	1	2396	2	1	28	2196	0	0
23.961	4	1	2397	2	1	28	2196	0	0
23.971	4	1	2398	2	1	28	2196	0	0
23.981	4	1	2399	2	1	28	2196	0	0
23.991	4	1	2400	2	1	28	2196	0	0
24.001	4	1	2401	2	1	28	2196	0	0
24.011	4	1	2402	2	1	28	2196	0	0
24.021	4	1	2403	2	1	28	2196	0	0
24.031	4	1	2404	2	1	28	2196	0	0
24.041	4	1	2405	2	1	28	2196	0	0
24.051	4	1	2406	2	1	28	2196	0	0
24.061	4	1	2407	2	1	28	2196	0	0
24.071	4	1	2408	2	1	28	2196	0	0
24.081	4	1	2409	2	1	28	2196	0	0
24.091	4	1	2410	2	1	28	2196	0	0
24.101	4	1	2411	2	1	28	2196	0	0
24.111	4	1	2412	2	1	28	2196	0	0
24.121	4	1	2413	2	1	28	2196	0	0
24.131	4	1	2414	2	1	28	2196	0	0
24.141	4	1	2415	2	1	28	2196	0	0
24.151	4	1	2416	2	1	28	2196	0	0
24.161	4	1	2417	2	1	28	2196	0	0
24.171	4	1	2418	2	1	28	2196	0	0
24.181	4	1	2419	2	1	28	2196	0	0
24.191	4	1	2420	2	1	28	2196	0	0
24.201	4	1	2421	2	1	28	2196	0	0
24.211	4	1	2422	2	1	28	2196	0	0
24.221	4	1	2423	2	1	28	2196	0	0
24.231	4	1	2424	2	1	28	2196	0	0
24.241	4	1	2425	2	1	28	2196	0	0
24.251	4	1	2426	2	1	28	2196	0	0
24.261	4	1	2427	2	1	28	2196	0	0
24.271	4	1	2428	2	1	28	2196	0	0
24.281	4	1	2429	2	1	28	2196	0	0
24.291	4	1	2430	2	1	28	2196	0	0
24.301	4	1	2431	2	1	28	2196	0	0
24.311	4	1	2432	2	1	28	2196	0	0
24.321	4	1	2433	2	1	28	2196	0	0
24.331	4	1	2434	2	1	28	2196	0	0
24.341	4	1	2435	2	1	28	2196	0	0
24.351	4	1	2436	2	1	28	2196	0	0
24.361	4	1	2437	2	1	28	2196	0	0
24.371	4	1	2438	2	1	28	2196	0	0
24.381	4	1	2439	2	1	28	2196	0	0
24.391	4	1	2440	2	1	28	2196	0	0
24.401	4	1	2441	2	1	28	2196	0	0
24.411	4	1	2442	2	1	28	2196	0	0
24.421	4	1	2443	2	1	28	2196	0	0
24.431	4	1	2444	2	1	28	2196	0	0
24.441	4	1	2445	2	1	28	2196	0	0
24.451	4	1	2446	2	1	28	2196	0	0
24.461	4	1	2447	2	1	28	2196	0	0
24.471	4	1	2448	2	1	28	2196	0	0
24.481	4	1	2449	2	1	28	2196	0	0
24.491	4	1	2450	2	1	28	2196	0	0
24.501	4	1	2451	2	1	28	2196	0	0
24.511	4	1	2452	2	1	28	2196	0	0
24.521	4	1	2453	2	1	28	2196	0	0
24.531	4	1	2454	2	1	28	2196	0	0
24.541	4	1	2455	2	1	28	2196	0	0
24.551	4	1	2456	2	1	28	2196	0	0
24.561	4	1	2457	2	1	28	2196	0	0
24.571	4	1	2458	2	1	28	2196	0	0
24.581	4	1	2459	2	1	28	2196	0	0
24.591	4	1	2460	2	1	28	2196	0	0
24.601	4	1	2461	2	1	28	2196	0	0
24.611	4	1	2462	2	1	28	2196	0	0
24.621	4	1	2463	2	1	28	2196	0	0
24.631	4	1	2464	2	1	28	2196	0	0
24.641	4	1	2465	2	1	28	2196	0	0
24.651	4	1	2466	2	1	28	2196	0	0
24.661	4	1	2467	2	1	28	2196	0	0
24.671	4	1	2468	2	1	28	2196	0	0
24.681	4	1	2469	2	1	28	2196	0	0
24.691	4	1	2470	2	1	28	2196	0	0
24.701	4	1	2471	2	1	28	2196	0	0
24.711	4	1	2472	2	1	28	2196	0	0
24.721	4	1	2473	2	1	28	2196	0	0
24.731	4	1	2474	2	1	28	2196	0	0
24.741	4	1	2475	2	1	28	2196	0	0
24.751	4	1	2476	2	1	28	2196	0	0
24.761	4	1	2477	2	1	28	2196	0	0
24.771	4	1	2478	2	1	28	2196	0	0
24.781	4	1	2479	2	1	28	2196	0	0
24.791	4	1	2480	2	1	28	2196	0	0
24.801	4	1	2481	2	1	28	2196	0	0
24.811	4	1	2482	2	1	28	2196	0	0
24.821	4	1	2483	2	1	28	2196	0	0
24.831	4	1	2484	2	1	28	2196	0	0
24.841	4	1	2485	2	1	28	2196	0	0
24.851	4	1	2486	2	1	28	2196	0	0
24.861	4	1	2487	2	1	28	2196	0	0
24.871	4	1	2488	2	1	28	2196	0	0
24.881	4	1	2489	2	1	28	2196	0	0
24.891	4	1	2490	2	1	28	2196	0	0
24.901	4	1	2491	2	1	28	2196	0	0
24.911	4	1	2492	2	1	28	2196	0	0
24.921	4	1	2493	2	1	28	2196	0	0
24.931	4	1	2494	2	1	28	2196	0	0
24.941	4	1	2495	2	1	28	2196	0	0
24.951	4	1	2496	2	1	28	2196	0	0
24.961	4	1	2497	2	1	28	2196	0	0
24.971	4	1	2498	2	1	28	2196	0	0
24.981	4	1	2499	2	1	28	2196	0	0
24.991	4	1	2500	2	1	28	2196	0	0
