% time	cellId	IMSI	RNTI	txMode	layer	mcs	size	rv	ndi	correct
43	1	1	1	0	0	28	2196	0	1	1
53	1	1	1	0	0	28	2196	0	1	1
63	1	1	1	0	0	28	2196	0	1	1
73	1	1	1	0	0	28	2196	0	1	1
83	1	1	1	0	0	28	2196	0	1	1
93	1	1	1	0	0	28	2196	0	1	1
103	1	1	1	0	0	28	2196	0	1	1
113	1	1	1	0	0	28	2196	0	1	1
123	1	1	1	0	0	28	2196	0	1	1
133	1	1	1	0	0	28	2196	0	1	1
143	1	1	1	0	0	28	2196	0	1	1
153	1	1	1	0	0	28	2196	0	1	1
163	1	1	1	0	0	28	2196	0	1	1
173	1	1	1	0	0	28	2196	0	1	1
183	1	1	1	0	0	28	2196	0	1	1
193	1	1	1	0	0	28	2196	0	1	1
203	1	1	1	0	0	28	2196	0	1	1
223	1	1	1	0	0	28	2196	0	1	1
233	1	1	1	0	0	28	2196	0	1	1
243	1	1	1	0	0	28	2196	0	1	1
253	1	1	1	0	0	28	2196	0	1	1
263	1	1	1	0	0	28	2196	0	1	1
273	1	1	1	0	0	28	2196	0	1	1
283	1	1	1	0	0	28	2196	0	1	1
303	1	1	1	0	0	28	2196	0	1	1
313	1	1	1	0	0	28	2196	0	1	1
323	1	1	1	0	0	28	2196	0	1	1
333	1	1	1	0	0	28	2196	0	1	1
343	1	1	1	0	0	28	2196	0	1	1
353	1	1	1	0	0	28	2196	0	1	1
363	1	1	1	0	0	28	2196	0	1	1
373	1	1	1	0	0	28	2196	0	1	1
383	1	1	1	0	0	28	2196	0	1	1
393	1	1	1	0	0	28	2196	0	1	1
403	1	1	1	0	0	28	2196	0	1	1
413	1	1	1	0	0	28	2196	0	1	1
423	1	1	1	0	0	28	2196	0	1	1
433	1	1	1	0	0	28	2196	0	1	1
443	1	1	1	0	0	28	2196	0	1	1
453	1	1	1	0	0	28	2196	0	1	1
463	1	1	1	0	0	28	2196	0	1	1
473	1	1	1	0	0	28	2196	0	1	1
483	1	1	1	0	0	28	2196	0	1	1
493	1	1	1	0	0	28	2196	0	1	1
503	1	1	1	0	0	28	2196	0	1	1
513	1	1	1	0	0	28	2196	0	1	1
523	1	1	1	0	0	28	2196	0	1	1
533	1	1	1	0	0	28	2196	0	1	1
543	1	1	1	0	0	28	2196	0	1	1
553	1	1	1	0	0	28	2196	0	1	1
563	1	1	1	0	0	28	2196	0	1	1
573	1	1	1	0	0	28	2196	0	1	1
583	1	1	1	0	0	28	2196	0	1	1
593	1	1	1	0	0	28	2196	0	1	1
603	1	1	1	0	0	28	2196	0	1	1
613	1	1	1	0	0	28	2196	0	1	1
623	1	1	1	0	0	28	2196	0	1	1
633	1	1	1	0	0	28	2196	0	1	1
643	1	1	1	0	0	28	2196	0	1	1
653	1	1	1	0	0	28	2196	0	1	1
663	1	1	1	0	0	28	2196	0	1	1
673	1	1	1	0	0	28	2196	0	1	1
683	1	1	1	0	0	28	2196	0	1	1
693	1	1	1	0	0	28	2196	0	1	1
703	1	1	1	0	0	28	2196	0	1	1
713	1	1	1	0	0	28	2196	0	1	1
723	1	1	1	0	0	28	2196	0	1	1
733	1	1	1	0	0	28	2196	0	1	1
743	1	1	1	0	0	28	2196	0	1	1
753	1	1	1	0	0	28	2196	0	1	1
763	1	1	1	0	0	28	2196	0	1	1
773	1	1	1	0	0	28	2196	0	1	1
783	1	1	1	0	0	28	2196	0	1	1
793	1	1	1	0	0	28	2196	0	1	1
803	1	1	1	0	0	28	2196	0	1	1
813	1	1	1	0	0	28	2196	0	1	1
823	1	1	1	0	0	28	2196	0	1	1
833	1	1	1	0	0	28	2196	0	1	1
843	1	1	1	0	0	28	2196	0	1	1
853	1	1	1	0	0	28	2196	0	1	1
863	1	1	1	0	0	28	2196	0	1	1
873	1	1	1	0	0	28	2196	0	1	1
883	1	1	1	0	0	28	2196	0	1	1
893	1	1	1	0	0	28	2196	0	1	1
903	1	1	1	0	0	28	2196	0	1	1
913	1	1	1	0	0	28	2196	0	1	1
923	1	1	1	0	0	28	2196	0	1	1
933	1	1	1	0	0	28	2196	0	1	1
943	1	1	1	0	0	28	2196	0	1	1
953	1	1	1	0	0	28	2196	0	1	1
963	1	1	1	0	0	28	2196	0	1	1
973	1	1	1	0	0	28	2196	0	1	1
983	1	1	1	0	0	28	2196	0	1	1
993	1	1	1	0	0	28	2196	0	1	1
1003	1	1	1	0	0	28	2196	0	1	1
1013	1	1	1	0	0	28	2196	0	1	1
1023	1	1	1	0	0	28	2196	0	1	1
1033	1	1	1	0	0	28	2196	0	1	1
1043	1	1	1	0	0	28	2196	0	1	1
1053	1	1	1	0	0	28	2196	0	1	1
1063	1	1	1	0	0	28	2196	0	1	1
1073	1	1	1	0	0	28	2196	0	1	1
1083	1	1	1	0	0	28	2196	0	1	1
1093	1	1	1	0	0	28	2196	0	1	1
1103	1	1	1	0	0	28	2196	0	1	1
1113	1	1	1	0	0	28	2196	0	1	1
1123	1	1	1	0	0	28	2196	0	1	1
1133	1	1	1	0	0	28	2196	0	1	1
1143	1	1	1	0	0	28	2196	0	1	1
1153	1	1	1	0	0	28	2196	0	1	1
1163	1	1	1	0	0	28	2196	0	1	1
1173	1	1	1	0	0	28	2196	0	1	1
1183	1	1	1	0	0	28	2196	0	1	1
1193	1	1	1	0	0	28	2196	0	1	1
1203	1	1	1	0	0	28	2196	0	1	1
1213	1	1	1	0	0	28	2196	0	1	1
1223	1	1	1	0	0	28	2196	0	1	1
1233	1	1	1	0	0	28	2196	0	1	1
1243	1	1	1	0	0	28	2196	0	1	1
1253	1	1	1	0	0	28	2196	0	1	1
1263	1	1	1	0	0	28	2196	0	1	1
1273	1	1	1	0	0	28	2196	0	1	1
1283	1	1	1	0	0	28	2196	0	1	1
1293	1	1	1	0	0	28	2196	0	1	1
1303	1	1	1	0	0	28	2196	0	1	1
1313	1	1	1	0	0	28	2196	0	1	1
1323	1	1	1	0	0	28	2196	0	1	1
1333	1	1	1	0	0	28	2196	0	1	1
1343	1	1	1	0	0	28	2196	0	1	1
1353	1	1	1	0	0	28	2196	0	1	1
1363	1	1	1	0	0	28	2196	0	1	1
1373	1	1	1	0	0	28	2196	0	1	1
1383	1	1	1	0	0	28	2196	0	1	1
1393	1	1	1	0	0	28	2196	0	1	1
1403	1	1	1	0	0	28	2196	0	1	1
1413	1	1	1	0	0	28	2196	0	1	1
1423	1	1	1	0	0	28	2196	0	1	1
1433	1	1	1	0	0	28	2196	0	1	1
1443	1	1	1	0	0	28	2196	0	1	1
1453	1	1	1	0	0	28	2196	0	1	1
1463	1	1	1	0	0	28	2196	0	1	1
1473	1	1	1	0	0	28	2196	0	1	1
1483	1	1	1	0	0	28	2196	0	1	1
1493	1	1	1	0	0	28	2196	0	1	1
1503	1	1	1	0	0	28	2196	0	1	1
1513	1	1	1	0	0	28	2196	0	1	1
1523	1	1	1	0	0	28	2196	0	1	1
1533	1	1	1	0	0	28	2196	0	1	1
1543	1	1	1	0	0	28	2196	0	1	1
1553	1	1	1	0	0	28	2196	0	1	1
1563	1	1	1	0	0	28	2196	0	1	1
1573	1	1	1	0	0	28	2196	0	1	1
1583	1	1	1	0	0	28	2196	0	1	1
1593	1	1	1	0	0	28	2196	0	1	1
1603	1	1	1	0	0	28	2196	0	1	1
1613	1	1	1	0	0	28	2196	0	1	1
1623	1	1	1	0	0	28	2196	0	1	1
1633	1	1	1	0	0	28	2196	0	1	1
1643	1	1	1	0	0	28	2196	0	1	1
1653	1	1	1	0	0	28	2196	0	1	1
1663	1	1	1	0	0	28	2196	0	1	1
1673	1	1	1	0	0	28	2196	0	1	1
1683	1	1	1	0	0	28	2196	0	1	1
1693	1	1	1	0	0	28	2196	0	1	1
1703	1	1	1	0	0	28	2196	0	1	1
1713	1	1	1	0	0	28	2196	0	1	1
1723	1	1	1	0	0	28	2196	0	1	1
1733	1	1	1	0	0	28	2196	0	1	1
1743	1	1	1	0	0	28	2196	0	1	1
1753	1	1	1	0	0	28	2196	0	1	1
1763	1	1	1	0	0	28	2196	0	1	1
1773	1	1	1	0	0	28	2196	0	1	1
1783	1	1	1	0	0	28	2196	0	1	1
1793	1	1	1	0	0	28	2196	0	1	1
1803	1	1	1	0	0	28	2196	0	1	1
1813	1	1	1	0	0	28	2196	0	1	1
1823	1	1	1	0	0	28	2196	0	1	1
1833	1	1	1	0	0	28	2196	0	1	1
1843	1	1	1	0	0	28	2196	0	1	1
1853	1	1	1	0	0	28	2196	0	1	1
1863	1	1	1	0	0	28	2196	0	1	1
1873	1	1	1	0	0	28	2196	0	1	1
1883	1	1	1	0	0	28	2196	0	1	1
1893	1	1	1	0	0	28	2196	0	1	1
1903	1	1	1	0	0	28	2196	0	1	1
1913	1	1	1	0	0	28	2196	0	1	1
1923	1	1	1	0	0	28	2196	0	1	1
1933	1	1	1	0	0	28	2196	0	1	1
1943	1	1	1	0	0	28	2196	0	1	1
1953	1	1	1	0	0	28	2196	0	1	1
1963	1	1	1	0	0	28	2196	0	1	1
1973	1	1	1	0	0	28	2196	0	1	1
1983	1	1	1	0	0	28	2196	0	1	1
1993	1	1	1	0	0	28	2196	0	1	1
2003	1	1	1	0	0	28	2196	0	1	1
2013	1	1	1	0	0	28	2196	0	1	1
2023	1	1	1	0	0	28	2196	0	1	1
2033	1	1	1	0	0	28	2196	0	1	1
2043	1	1	1	0	0	28	2196	0	1	1
2053	1	1	1	0	0	28	2196	0	1	1
2063	1	1	1	0	0	28	2196	0	1	1
2073	1	1	1	0	0	28	2196	0	1	1
2083	1	1	1	0	0	28	2196	0	1	1
2093	1	1	1	0	0	28	2196	0	1	1
2103	1	1	1	0	0	28	2196	0	1	1
2113	1	1	1	0	0	28	2196	0	1	1
2123	1	1	1	0	0	28	2196	0	1	1
2133	1	1	1	0	0	28	2196	0	1	1
2143	1	1	1	0	0	28	2196	0	1	1
2153	1	1	1	0	0	28	2196	0	1	1
2163	1	1	1	0	0	28	2196	0	1	1
2173	1	1	1	0	0	28	2196	0	1	1
2183	1	1	1	0	0	28	2196	0	1	1
2193	1	1	1	0	0	28	2196	0	1	1
2203	1	1	1	0	0	28	2196	0	1	1
2213	1	1	1	0	0	28	2196	0	1	1
2223	1	1	1	0	0	28	2196	0	1	1
2233	1	1	1	0	0	28	2196	0	1	1
2243	1	1	1	0	0	28	2196	0	1	1
2253	1	1	1	0	0	28	2196	0	1	1
2263	1	1	1	0	0	28	2196	0	1	1
2273	1	1	1	0	0	28	2196	0	1	1
2283	1	1	1	0	0	28	2196	0	1	1
2293	1	1	1	0	0	28	2196	0	1	1
2303	1	1	1	0	0	28	2196	0	1	1
2313	1	1	1	0	0	28	2196	0	1	1
2323	1	1	1	0	0	28	2196	0	1	1
2333	1	1	1	0	0	28	2196	0	1	1
2343	1	1	1	0	0	28	2196	0	1	1
2353	1	1	1	0	0	28	2196	0	1	1
2363	1	1	1	0	0	28	2196	0	1	1
2373	1	1	1	0	0	28	2196	0	1	1
2383	1	1	1	0	0	28	2196	0	1	1
2393	1	1	1	0	0	28	2196	0	1	1
2403	1	1	1	0	0	28	2196	0	1	1
2413	1	1	1	0	0	28	2196	0	1	1
2423	1	1	1	0	0	28	2196	0	1	1
2433	1	1	1	0	0	28	2196	0	1	1
2443	1	1	1	0	0	28	2196	0	1	1
2453	1	1	1	0	0	28	2196	0	1	1
2463	1	1	1	0	0	28	2196	0	1	1
2473	1	1	1	0	0	28	2196	0	1	1
2483	1	1	1	0	0	28	2196	0	1	1
2493	1	1	1	0	0	28	2196	0	1	1
2503	1	1	1	0	0	28	2196	0	1	1
2513	1	1	1	0	0	28	2196	0	1	1
2523	1	1	1	0	0	28	2196	0	1	1
2533	1	1	1	0	0	28	2196	0	1	1
2543	1	1	1	0	0	28	2196	0	1	1
2553	1	1	1	0	0	28	2196	0	1	1
2563	1	1	1	0	0	28	2196	0	1	1
2573	1	1	1	0	0	28	2196	0	1	1
2583	1	1	1	0	0	28	2196	0	1	1
2593	1	1	1	0	0	28	2196	0	1	1
2603	1	1	1	0	0	28	2196	0	1	1
2613	1	1	1	0	0	28	2196	0	1	1
2623	1	1	1	0	0	28	2196	0	1	1
2633	1	1	1	0	0	28	2196	0	1	1
2643	1	1	1	0	0	28	2196	0	1	1
2653	1	1	1	0	0	28	2196	0	1	1
2663	1	1	1	0	0	28	2196	0	1	1
2673	1	1	1	0	0	28	2196	0	1	1
2683	1	1	1	0	0	28	2196	0	1	1
2693	1	1	1	0	0	28	2196	0	1	1
2703	1	1	1	0	0	28	2196	0	1	1
2713	1	1	1	0	0	28	2196	0	1	1
2723	1	1	1	0	0	28	2196	0	1	1
2733	1	1	1	0	0	28	2196	0	1	1
2743	1	1	1	0	0	28	2196	0	1	1
2753	1	1	1	0	0	28	2196	0	1	1
2763	1	1	1	0	0	28	2196	0	1	1
2773	1	1	1	0	0	28	2196	0	1	1
2783	1	1	1	0	0	28	2196	0	1	1
2793	1	1	1	0	0	28	2196	0	1	1
2803	1	1	1	0	0	28	2196	0	1	1
2813	1	1	1	0	0	28	2196	0	1	1
2823	1	1	1	0	0	28	2196	0	1	1
2833	1	1	1	0	0	28	2196	0	1	1
2843	1	1	1	0	0	28	2196	0	1	1
2853	1	1	1	0	0	28	2196	0	1	1
2863	1	1	1	0	0	28	2196	0	1	1
2873	1	1	1	0	0	28	2196	0	1	1
2883	1	1	1	0	0	28	2196	0	1	1
2893	1	1	1	0	0	28	2196	0	1	1
2903	1	1	1	0	0	28	2196	0	1	1
2913	1	1	1	0	0	28	2196	0	1	1
2923	1	1	1	0	0	28	2196	0	1	1
2933	1	1	1	0	0	28	2196	0	1	1
2943	1	1	1	0	0	28	2196	0	1	1
2953	1	1	1	0	0	28	2196	0	1	1
2963	1	1	1	0	0	28	2196	0	1	1
2973	1	1	1	0	0	28	2196	0	1	1
2983	1	1	1	0	0	28	2196	0	1	1
3003	1	1	1	0	0	28	2196	0	1	1
3013	1	1	1	0	0	28	2196	0	1	1
3023	1	1	1	0	0	28	2196	0	1	1
3033	1	1	1	0	0	28	2196	0	1	1
3043	1	1	1	0	0	28	2196	0	1	1
3053	1	1	1	0	0	28	2196	0	1	1
3063	1	1	1	0	0	28	2196	0	1	1
3073	1	1	1	0	0	28	2196	0	1	1
3083	1	1	1	0	0	28	2196	0	1	1
3093	1	1	1	0	0	28	2196	0	1	1
3103	1	1	1	0	0	28	2196	0	1	1
3113	1	1	1	0	0	28	2196	0	1	1
3123	1	1	1	0	0	28	2196	0	1	1
3133	1	1	1	0	0	28	2196	0	1	1
3143	1	1	1	0	0	28	2196	0	1	1
3153	1	1	1	0	0	28	2196	0	1	1
3163	1	1	1	0	0	28	2196	0	1	1
3173	1	1	1	0	0	28	2196	0	1	1
3183	1	1	1	0	0	28	2196	0	1	1
3193	1	1	1	0	0	28	2196	0	1	1
3203	1	1	1	0	0	28	2196	0	1	1
3213	1	1	1	0	0	28	2196	0	1	1
3223	1	1	1	0	0	28	2196	0	1	1
3233	1	1	1	0	0	28	2196	0	1	1
3243	1	1	1	0	0	28	2196	0	1	1
3253	1	1	1	0	0	28	2196	0	1	1
3263	1	1	1	0	0	28	2196	0	1	1
3273	1	1	1	0	0	28	2196	0	1	1
3283	1	1	1	0	0	28	2196	0	1	1
3293	1	1	1	0	0	28	2196	0	1	1
3303	1	1	1	0	0	28	2196	0	1	1
3313	1	1	1	0	0	28	2196	0	1	1
3323	1	1	1	0	0	28	2196	0	1	1
3333	1	1	1	0	0	28	2196	0	1	1
3343	1	1	1	0	0	28	2196	0	1	1
3353	1	1	1	0	0	28	2196	0	1	1
3363	1	1	1	0	0	28	2196	0	1	1
3373	1	1	1	0	0	28	2196	0	1	1
3383	1	1	1	0	0	28	2196	0	1	1
3393	1	1	1	0	0	28	2196	0	1	1
3403	1	1	1	0	0	28	2196	0	1	1
3413	1	1	1	0	0	28	2196	0	1	1
3423	1	1	1	0	0	28	2196	0	1	1
3433	1	1	1	0	0	28	2196	0	1	1
3443	1	1	1	0	0	28	2196	0	1	1
3453	1	1	1	0	0	28	2196	0	1	1
3463	1	1	1	0	0	28	2196	0	1	1
3473	1	1	1	0	0	28	2196	0	1	1
3483	1	1	1	0	0	28	2196	0	1	1
3493	1	1	1	0	0	28	2196	0	1	1
3503	1	1	1	0	0	28	2196	0	1	1
3513	1	1	1	0	0	28	2196	0	1	1
3523	1	1	1	0	0	28	2196	0	1	1
3533	1	1	1	0	0	28	2196	0	1	1
3543	1	1	1	0	0	28	2196	0	1	1
3553	1	1	1	0	0	28	2196	0	1	1
3563	1	1	1	0	0	28	2196	0	1	1
3573	1	1	1	0	0	28	2196	0	1	1
3583	1	1	1	0	0	28	2196	0	1	1
3593	1	1	1	0	0	28	2196	0	1	1
3603	1	1	1	0	0	28	2196	0	1	1
3613	1	1	1	0	0	28	2196	0	1	1
3623	1	1	1	0	0	28	2196	0	1	1
3633	1	1	1	0	0	28	2196	0	1	1
3643	1	1	1	0	0	28	2196	0	1	1
3653	1	1	1	0	0	28	2196	0	1	1
3663	1	1	1	0	0	28	2196	0	1	1
3673	1	1	1	0	0	28	2196	0	1	1
3683	1	1	1	0	0	28	2196	0	1	1
3693	1	1	1	0	0	28	2196	0	1	1
3703	1	1	1	0	0	28	2196	0	1	1
3713	1	1	1	0	0	28	2196	0	1	1
3723	1	1	1	0	0	28	2196	0	1	1
3733	1	1	1	0	0	28	2196	0	1	1
3743	1	1	1	0	0	28	2196	0	1	1
3753	1	1	1	0	0	28	2196	0	1	1
3763	1	1	1	0	0	28	2196	0	1	1
3773	1	1	1	0	0	28	2196	0	1	1
3793	1	1	1	0	0	28	2196	0	1	1
3803	1	1	1	0	0	28	2196	0	1	1
3813	1	1	1	0	0	28	2196	0	1	1
3823	1	1	1	0	0	28	2196	0	1	1
3833	1	1	1	0	0	28	2196	0	1	1
3843	1	1	1	0	0	28	2196	0	1	1
3853	1	1	1	0	0	28	2196	0	1	1
3863	1	1	1	0	0	28	2196	0	1	1
3873	1	1	1	0	0	28	2196	0	1	1
3883	1	1	1	0	0	28	2196	0	1	1
3903	1	1	1	0	0	28	2196	0	1	1
3913	1	1	1	0	0	28	2196	0	1	1
3923	1	1	1	0	0	28	2196	0	1	1
3933	1	1	1	0	0	28	2196	0	1	1
3943	1	1	1	0	0	28	2196	0	1	1
3953	1	1	1	0	0	28	2196	0	1	1
3963	1	1	1	0	0	28	2196	0	1	1
3973	1	1	1	0	0	28	2196	0	1	1
3983	1	1	1	0	0	28	2196	0	1	1
3993	1	1	1	0	0	28	2196	0	1	1
4003	1	1	1	0	0	28	2196	0	1	1
4013	1	1	1	0	0	28	2196	0	1	1
4023	1	1	1	0	0	28	2196	0	1	1
4033	1	1	1	0	0	28	2196	0	1	1
4043	1	1	1	0	0	28	2196	0	1	1
4053	1	1	1	0	0	28	2196	0	1	1
4063	1	1	1	0	0	28	2196	0	1	1
4073	1	1	1	0	0	28	2196	0	1	1
4083	1	1	1	0	0	28	2196	0	1	1
4093	1	1	1	0	0	28	2196	0	1	1
4103	1	1	1	0	0	28	2196	0	1	1
4113	1	1	1	0	0	28	2196	0	1	1
4123	1	1	1	0	0	28	2196	0	1	1
4133	1	1	1	0	0	28	2196	0	1	1
4143	1	1	1	0	0	28	2196	0	1	1
4153	1	1	1	0	0	28	2196	0	1	1
4163	1	1	1	0	0	28	2196	0	1	1
4173	1	1	1	0	0	28	2196	0	1	1
4183	1	1	1	0	0	28	2196	0	1	1
4193	1	1	1	0	0	28	2196	0	1	1
4203	1	1	1	0	0	28	2196	0	1	1
4213	1	1	1	0	0	28	2196	0	1	1
4223	1	1	1	0	0	28	2196	0	1	1
4233	1	1	1	0	0	28	2196	0	1	1
4243	1	1	1	0	0	28	2196	0	1	1
4253	1	1	1	0	0	28	2196	0	1	1
4263	1	1	1	0	0	28	2196	0	1	1
4283	1	1	1	0	0	28	2196	0	1	1
4293	1	1	1	0	0	28	2196	0	1	1
4303	1	1	1	0	0	28	2196	0	1	1
4313	1	1	1	0	0	28	2196	0	1	1
4323	1	1	1	0	0	28	2196	0	1	1
4333	1	1	1	0	0	28	2196	0	1	1
4343	1	1	1	0	0	28	2196	0	1	1
4353	1	1	1	0	0	28	2196	0	1	1
4363	1	1	1	0	0	28	2196	0	1	1
4373	1	1	1	0	0	28	2196	0	1	1
4383	1	1	1	0	0	28	2196	0	1	1
4393	1	1	1	0	0	28	2196	0	1	1
4403	1	1	1	0	0	28	2196	0	1	1
4413	1	1	1	0	0	28	2196	0	1	1
4423	1	1	1	0	0	28	2196	0	1	1
4433	1	1	1	0	0	28	2196	0	1	1
4443	1	1	1	0	0	28	2196	0	1	1
4453	1	1	1	0	0	28	2196	0	1	1
4473	1	1	1	0	0	28	2196	0	1	1
4483	1	1	1	0	0	28	2196	0	1	1
4493	1	1	1	0	0	28	2196	0	1	1
4503	1	1	1	0	0	28	2196	0	1	1
4513	1	1	1	0	0	28	2196	0	1	1
4523	1	1	1	0	0	28	2196	0	1	1
4533	1	1	1	0	0	28	2196	0	1	1
4543	1	1	1	0	0	28	2196	0	1	1
4553	1	1	1	0	0	28	2196	0	1	1
4563	1	1	1	0	0	28	2196	0	1	1
4573	1	1	1	0	0	28	2196	0	1	1
4583	1	1	1	0	0	28	2196	0	1	1
4593	1	1	1	0	0	28	2196	0	1	1
4603	1	1	1	0	0	28	2196	0	1	1
4613	1	1	1	0	0	28	2196	0	1	1
4623	1	1	1	0	0	28	2196	0	1	1
4633	1	1	1	0	0	28	2196	0	1	1
4653	1	1	1	0	0	28	2196	0	1	1
4663	1	1	1	0	0	28	2196	0	1	1
4683	1	1	1	0	0	28	2196	0	1	1
4693	1	1	1	0	0	28	2196	0	1	1
4703	1	1	1	0	0	28	2196	0	1	1
4713	1	1	1	0	0	28	2196	0	1	1
4723	1	1	1	0	0	28	2196	0	1	1
4733	1	1	1	0	0	28	2196	0	1	1
4743	1	1	1	0	0	28	2196	0	1	1
4753	1	1	1	0	0	28	2196	0	1	1
4763	1	1	1	0	0	28	2196	0	1	1
4773	1	1	1	0	0	28	2196	0	1	1
4783	1	1	1	0	0	28	2196	0	1	1
4793	1	1	1	0	0	28	2196	0	1	1
4803	1	1	1	0	0	28	2196	0	1	1
4813	1	1	1	0	0	28	2196	0	1	1
4823	1	1	1	0	0	28	2196	0	1	1
4833	1	1	1	0	0	28	2196	0	1	1
4843	1	1	1	0	0	28	2196	0	1	1
4853	1	1	1	0	0	28	2196	0	1	1
4863	1	1	1	0	0	28	2196	0	1	1
4873	1	1	1	0	0	28	2196	0	1	1
4893	1	1	1	0	0	28	2196	0	1	1
4903	1	1	1	0	0	28	2196	0	1	1
4913	1	1	1	0	0	28	2196	0	1	1
4923	1	1	1	0	0	28	2196	0	1	1
4933	1	1	1	0	0	28	2196	0	1	1
4943	1	1	1	0	0	28	2196	0	1	1
4953	1	1	1	0	0	28	2196	0	1	1
4963	1	1	1	0	0	28	2196	0	1	1
4973	1	1	1	0	0	28	2196	0	1	1
4983	1	1	1	0	0	28	2196	0	1	1
4993	1	1	1	0	0	28	2196	0	1	1
5003	1	1	1	0	0	28	2196	0	1	1
5013	1	1	1	0	0	28	2196	0	1	1
5023	1	1	1	0	0	28	2196	0	1	1
5033	1	1	1	0	0	28	2196	0	1	1
5043	1	1	1	0	0	28	2196	0	1	1
5053	1	1	1	0	0	28	2196	0	1	1
5063	1	1	1	0	0	28	2196	0	1	1
5073	1	1	1	0	0	28	2196	0	1	1
5083	1	1	1	0	0	28	2196	0	1	1
5093	1	1	1	0	0	28	2196	0	1	1
5103	1	1	1	0	0	28	2196	0	1	1
5123	1	1	1	0	0	28	2196	0	1	1
5133	1	1	1	0	0	28	2196	0	1	1
5143	1	1	1	0	0	28	2196	0	1	1
5153	1	1	1	0	0	28	2196	0	1	1
5163	1	1	1	0	0	28	2196	0	1	1
5173	1	1	1	0	0	28	2196	0	1	1
5183	1	1	1	0	0	28	2196	0	1	1
5193	1	1	1	0	0	28	2196	0	1	1
5203	1	1	1	0	0	28	2196	0	1	1
5213	1	1	1	0	0	28	2196	0	1	1
5233	1	1	1	0	0	28	2196	0	1	1
5243	1	1	1	0	0	28	2196	0	1	1
5253	1	1	1	0	0	28	2196	0	1	1
5263	1	1	1	0	0	28	2196	0	1	1
5273	1	1	1	0	0	28	2196	0	1	1
5283	1	1	1	0	0	28	2196	0	1	1
5303	1	1	1	0	0	28	2196	0	1	1
5313	1	1	1	0	0	28	2196	0	1	1
5323	1	1	1	0	0	28	2196	0	1	1
5353	1	1	1	0	0	28	2196	0	1	1
5363	1	1	1	0	0	28	2196	0	1	1
5373	1	1	1	0	0	28	2196	0	1	1
5383	1	1	1	0	0	28	2196	0	1	1
5393	1	1	1	0	0	28	2196	0	1	1
5403	1	1	1	0	0	28	2196	0	1	1
5413	1	1	1	0	0	28	2196	0	1	1
5423	1	1	1	0	0	28	2196	0	1	1
5433	1	1	1	0	0	28	2196	0	1	1
5443	1	1	1	0	0	28	2196	0	1	1
5453	1	1	1	0	0	28	2196	0	1	1
5463	1	1	1	0	0	28	2196	0	1	1
5473	1	1	1	0	0	28	2196	0	1	1
5493	1	1	1	0	0	28	2196	0	1	1
5503	1	1	1	0	0	28	2196	0	1	1
5513	1	1	1	0	0	28	2196	0	1	1
5523	1	1	1	0	0	28	2196	0	1	1
5533	1	1	1	0	0	28	2196	0	1	1
5543	1	1	1	0	0	28	2196	0	1	1
5553	1	1	1	0	0	28	2196	0	1	1
5563	1	1	1	0	0	28	2196	0	1	1
5573	1	1	1	0	0	28	2196	0	1	1
5583	1	1	1	0	0	28	2196	0	1	1
5593	1	1	1	0	0	28	2196	0	1	1
5603	1	1	1	0	0	28	2196	0	1	1
5613	1	1	1	0	0	28	2196	0	1	1
5623	1	1	1	0	0	28	2196	0	1	1
5633	1	1	1	0	0	28	2196	0	1	1
5643	1	1	1	0	0	28	2196	0	1	1
5653	1	1	1	0	0	28	2196	0	1	1
5663	1	1	1	0	0	28	2196	0	1	1
5673	1	1	1	0	0	28	2196	0	1	1
5683	1	1	1	0	0	28	2196	0	1	1
5693	1	1	1	0	0	28	2196	0	1	1
5703	1	1	1	0	0	28	2196	0	1	1
5713	1	1	1	0	0	28	2196	0	1	1
5723	1	1	1	0	0	28	2196	0	1	1
5733	1	1	1	0	0	28	2196	0	1	1
5743	1	1	1	0	0	28	2196	0	1	1
5753	1	1	1	0	0	28	2196	0	1	1
5763	1	1	1	0	0	28	2196	0	1	1
5773	1	1	1	0	0	28	2196	0	1	1
5783	1	1	1	0	0	28	2196	0	1	1
5793	1	1	1	0	0	28	2196	0	1	1
5803	1	1	1	0	0	28	2196	0	1	1
5813	1	1	1	0	0	28	2196	0	1	1
5823	1	1	1	0	0	28	2196	0	1	1
5833	1	1	1	0	0	28	2196	0	1	1
5843	1	1	1	0	0	28	2196	0	1	1
5853	1	1	1	0	0	28	2196	0	1	1
5863	1	1	1	0	0	28	2196	0	1	1
5873	1	1	1	0	0	28	2196	0	1	1
5883	1	1	1	0	0	28	2196	0	1	1
5893	1	1	1	0	0	28	2196	0	1	1
5903	1	1	1	0	0	28	2196	0	1	1
5913	1	1	1	0	0	28	2196	0	1	1
5923	1	1	1	0	0	28	2196	0	1	1
5933	1	1	1	0	0	28	2196	0	1	1
5943	1	1	1	0	0	28	2196	0	1	1
5953	1	1	1	0	0	28	2196	0	1	1
5963	1	1	1	0	0	28	2196	0	1	1
5973	1	1	1	0	0	28	2196	0	1	1
5983	1	1	1	0	0	28	2196	0	1	1
5993	1	1	1	0	0	28	2196	0	1	1
6003	1	1	1	0	0	28	2196	0	1	1
6013	1	1	1	0	0	28	2196	0	1	1
6023	1	1	1	0	0	28	2196	0	1	1
6033	1	1	1	0	0	28	2196	0	1	1
6043	1	1	1	0	0	28	2196	0	1	1
6053	1	1	1	0	0	28	2196	0	1	1
6063	1	1	1	0	0	28	2196	0	1	1
6073	1	1	1	0	0	28	2196	0	1	1
6083	1	1	1	0	0	28	2196	0	1	1
6093	1	1	1	0	0	28	2196	0	1	1
6103	1	1	1	0	0	28	2196	0	1	1
6113	1	1	1	0	0	28	2196	0	1	1
6123	1	1	1	0	0	28	2196	0	1	1
6133	1	1	1	0	0	28	2196	0	1	1
6143	1	1	1	0	0	28	2196	0	1	1
6153	1	1	1	0	0	28	2196	0	1	1
6173	1	1	1	0	0	28	2196	0	1	1
6183	1	1	1	0	0	28	2196	0	1	1
6193	1	1	1	0	0	28	2196	0	1	1
6203	1	1	1	0	0	28	2196	0	1	1
6213	1	1	1	0	0	28	2196	0	1	1
6223	1	1	1	0	0	28	2196	0	1	1
6233	1	1	1	0	0	28	2196	0	1	1
6243	1	1	1	0	0	28	2196	0	1	1
6253	1	1	1	0	0	28	2196	0	1	1
6263	1	1	1	0	0	28	2196	0	1	1
6283	1	1	1	0	0	28	2196	0	1	1
6293	1	1	1	0	0	28	2196	0	1	1
6303	1	1	1	0	0	28	2196	0	1	1
6313	1	1	1	0	0	28	2196	0	1	1
6323	1	1	1	0	0	28	2196	0	1	1
6333	1	1	1	0	0	28	2196	0	1	1
6343	1	1	1	0	0	28	2196	0	1	1
6353	1	1	1	0	0	28	2196	0	1	1
6363	1	1	1	0	0	28	2196	0	1	1
6373	1	1	1	0	0	28	2196	0	1	1
6383	1	1	1	0	0	28	2196	0	1	1
6393	1	1	1	0	0	28	2196	0	1	1
6403	1	1	1	0	0	28	2196	0	1	1
6413	1	1	1	0	0	28	2196	0	1	1
6423	1	1	1	0	0	28	2196	0	1	1
6433	1	1	1	0	0	28	2196	0	1	1
6443	1	1	1	0	0	28	2196	0	1	1
6453	1	1	1	0	0	28	2196	0	1	1
6463	1	1	1	0	0	28	2196	0	1	1
6473	1	1	1	0	0	28	2196	0	1	1
6483	1	1	1	0	0	28	2196	0	1	1
6493	1	1	1	0	0	28	2196	0	1	1
6503	1	1	1	0	0	28	2196	0	1	1
6513	1	1	1	0	0	28	2196	0	1	1
6523	1	1	1	0	0	28	2196	0	1	1
6533	1	1	1	0	0	28	2196	0	1	1
6543	1	1	1	0	0	28	2196	0	1	1
6553	1	1	1	0	0	28	2196	0	1	1
6563	1	1	1	0	0	28	2196	0	1	1
6573	1	1	1	0	0	28	2196	0	1	1
6583	1	1	1	0	0	28	2196	0	1	1
6593	1	1	1	0	0	28	2196	0	1	1
6603	1	1	1	0	0	28	2196	0	1	1
6613	1	1	1	0	0	28	2196	0	1	1
6623	1	1	1	0	0	28	2196	0	1	1
6633	1	1	1	0	0	28	2196	0	1	1
6643	1	1	1	0	0	28	2196	0	1	1
6653	1	1	1	0	0	28	2196	0	1	1
6663	1	1	1	0	0	28	2196	0	1	1
6673	1	1	1	0	0	28	2196	0	1	1
6683	1	1	1	0	0	28	2196	0	1	1
6693	1	1	1	0	0	28	2196	0	1	1
6703	1	1	1	0	0	28	2196	0	1	1
6713	1	1	1	0	0	28	2196	0	1	1
6723	1	1	1	0	0	28	2196	0	1	1
6733	1	1	1	0	0	28	2196	0	1	1
6743	1	1	1	0	0	28	2196	0	1	1
6753	1	1	1	0	0	28	2196	0	1	1
6763	1	1	1	0	0	28	2196	0	1	1
6773	1	1	1	0	0	28	2196	0	1	1
6783	1	1	1	0	0	28	2196	0	1	1
6793	1	1	1	0	0	28	2196	0	1	1
6803	1	1	1	0	0	28	2196	0	1	1
6813	1	1	1	0	0	28	2196	0	1	1
6823	1	1	1	0	0	28	2196	0	1	1
6833	1	1	1	0	0	28	2196	0	1	1
6853	1	1	1	0	0	28	2196	0	1	1
6863	1	1	1	0	0	28	2196	0	1	1
6873	1	1	1	0	0	28	2196	0	1	1
6883	1	1	1	0	0	28	2196	0	1	1
6903	1	1	1	0	0	28	2196	0	1	1
6913	1	1	1	0	0	28	2196	0	1	1
6923	1	1	1	0	0	28	2196	0	1	1
6933	1	1	1	0	0	28	2196	0	1	1
6943	1	1	1	0	0	28	2196	0	1	1
6953	1	1	1	0	0	28	2196	0	1	1
6963	1	1	1	0	0	28	2196	0	1	1
6973	1	1	1	0	0	28	2196	0	1	1
6983	1	1	1	0	0	28	2196	0	1	1
7003	1	1	1	0	0	28	2196	0	1	1
7013	1	1	1	0	0	28	2196	0	1	1
7023	1	1	1	0	0	28	2196	0	1	1
7033	1	1	1	0	0	28	2196	0	1	1
7043	1	1	1	0	0	28	2196	0	1	1
7053	1	1	1	0	0	28	2196	0	1	1
7063	1	1	1	0	0	28	2196	0	1	1
7073	1	1	1	0	0	28	2196	0	1	1
7083	1	1	1	0	0	28	2196	0	1	1
7093	1	1	1	0	0	28	2196	0	1	1
7103	1	1	1	0	0	28	2196	0	1	1
7113	1	1	1	0	0	28	2196	0	1	1
7123	1	1	1	0	0	28	2196	0	1	1
7133	1	1	1	0	0	28	2196	0	1	1
7143	1	1	1	0	0	28	2196	0	1	1
7153	1	1	1	0	0	28	2196	0	1	1
7163	1	1	1	0	0	28	2196	0	1	1
7173	1	1	1	0	0	28	2196	0	1	1
7183	1	1	1	0	0	28	2196	0	1	1
7193	1	1	1	0	0	28	2196	0	1	1
7203	1	1	1	0	0	28	2196	0	1	1
7213	1	1	1	0	0	28	2196	0	1	1
7223	1	1	1	0	0	28	2196	0	1	1
7233	1	1	1	0	0	28	2196	0	1	1
7243	1	1	1	0	0	28	2196	0	1	1
7253	1	1	1	0	0	28	2196	0	1	1
7263	1	1	1	0	0	28	2196	0	1	1
7273	1	1	1	0	0	28	2196	0	1	1
7283	1	1	1	0	0	28	2196	0	1	1
7293	1	1	1	0	0	28	2196	0	1	1
7303	1	1	1	0	0	28	2196	0	1	1
7313	1	1	1	0	0	28	2196	0	1	1
7323	1	1	1	0	0	28	2196	0	1	1
7333	1	1	1	0	0	28	2196	0	1	1
7343	1	1	1	0	0	28	2196	0	1	1
7353	1	1	1	0	0	28	2196	0	1	1
7363	1	1	1	0	0	28	2196	0	1	1
7373	1	1	1	0	0	28	2196	0	1	1
7383	1	1	1	0	0	28	2196	0	1	1
7393	1	1	1	0	0	28	2196	0	1	1
7403	1	1	1	0	0	28	2196	0	1	1
7413	1	1	1	0	0	28	2196	0	1	1
7423	1	1	1	0	0	28	2196	0	1	1
7433	1	1	1	0	0	28	2196	0	1	1
7443	1	1	1	0	0	28	2196	0	1	1
7453	1	1	1	0	0	28	2196	0	1	1
7463	1	1	1	0	0	28	2196	0	1	1
7473	1	1	1	0	0	28	2196	0	1	1
7483	1	1	1	0	0	28	2196	0	1	1
7503	1	1	1	0	0	28	2196	0	1	1
7513	1	1	1	0	0	28	2196	0	1	1
7523	1	1	1	0	0	28	2196	0	1	1
7533	1	1	1	0	0	28	2196	0	1	1
7543	1	1	1	0	0	28	2196	0	1	1
7553	1	1	1	0	0	28	2196	0	1	1
7563	1	1	1	0	0	28	2196	0	1	1
7573	1	1	1	0	0	28	2196	0	1	1
7593	1	1	1	0	0	28	2196	0	1	1
7603	1	1	1	0	0	28	2196	0	1	1
7613	1	1	1	0	0	28	2196	0	1	1
7623	1	1	1	0	0	28	2196	0	1	1
7633	1	1	1	0	0	28	2196	0	1	1
7643	1	1	1	0	0	28	2196	0	1	1
7653	1	1	1	0	0	28	2196	0	1	1
7663	1	1	1	0	0	28	2196	0	1	1
7673	1	1	1	0	0	28	2196	0	1	1
7683	1	1	1	0	0	28	2196	0	1	1
7693	1	1	1	0	0	28	2196	0	1	1
7703	1	1	1	0	0	28	2196	0	1	1
7713	1	1	1	0	0	28	2196	0	1	1
7723	1	1	1	0	0	28	2196	0	1	1
7733	1	1	1	0	0	28	2196	0	1	1
7743	1	1	1	0	0	28	2196	0	1	1
7753	1	1	1	0	0	28	2196	0	1	1
7763	1	1	1	0	0	28	2196	0	1	1
7773	1	1	1	0	0	28	2196	0	1	1
7783	1	1	1	0	0	28	2196	0	1	1
7793	1	1	1	0	0	28	2196	0	1	1
7803	1	1	1	0	0	28	2196	0	1	1
7813	1	1	1	0	0	28	2196	0	1	1
7823	1	1	1	0	0	28	2196	0	1	1
7833	1	1	1	0	0	28	2196	0	1	1
7843	1	1	1	0	0	28	2196	0	1	1
7853	1	1	1	0	0	28	2196	0	1	1
7863	1	1	1	0	0	28	2196	0	1	1
7873	1	1	1	0	0	28	2196	0	1	1
7883	1	1	1	0	0	28	2196	0	1	1
7893	1	1	1	0	0	28	2196	0	1	1
7903	1	1	1	0	0	28	2196	0	1	1
7913	1	1	1	0	0	28	2196	0	1	1
7923	1	1	1	0	0	28	2196	0	1	1
7933	1	1	1	0	0	28	2196	0	1	1
7943	1	1	1	0	0	28	2196	0	1	1
7953	1	1	1	0	0	28	2196	0	1	1
7963	1	1	1	0	0	28	2196	0	1	1
7973	1	1	1	0	0	28	2196	0	1	1
7983	1	1	1	0	0	28	2196	0	1	1
7993	1	1	1	0	0	28	2196	0	1	1
8003	1	1	1	0	0	28	2196	0	1	1
8023	1	1	1	0	0	28	2196	0	1	1
8033	1	1	1	0	0	28	2196	0	1	1
8053	1	1	1	0	0	28	2196	0	1	1
8063	1	1	1	0	0	28	2196	0	1	1
8073	1	1	1	0	0	28	2196	0	1	1
8083	1	1	1	0	0	28	2196	0	1	1
8093	1	1	1	0	0	28	2196	0	1	1
8103	1	1	1	0	0	28	2196	0	1	1
8113	1	1	1	0	0	28	2196	0	1	1
8123	1	1	1	0	0	28	2196	0	1	1
8133	1	1	1	0	0	28	2196	0	1	1
8143	1	1	1	0	0	28	2196	0	1	1
8153	1	1	1	0	0	28	2196	0	1	1
8163	1	1	1	0	0	28	2196	0	1	1
8173	1	1	1	0	0	28	2196	0	1	1
8183	1	1	1	0	0	28	2196	0	1	1
8193	1	1	1	0	0	28	2196	0	1	1
8203	1	1	1	0	0	28	2196	0	1	1
8213	1	1	1	0	0	28	2196	0	1	1
8223	1	1	1	0	0	28	2196	0	1	1
8233	1	1	1	0	0	28	2196	0	1	1
8243	1	1	1	0	0	28	2196	0	1	1
8253	1	1	1	0	0	28	2196	0	1	1
8263	1	1	1	0	0	28	2196	0	1	1
8273	1	1	1	0	0	28	2196	0	1	1
8283	1	1	1	0	0	28	2196	0	1	1
8293	1	1	1	0	0	28	2196	0	1	1
8303	1	1	1	0	0	28	2196	0	1	1
8313	1	1	1	0	0	28	2196	0	1	1
8323	1	1	1	0	0	28	2196	0	1	1
8333	1	1	1	0	0	28	2196	0	1	1
8343	1	1	1	0	0	28	2196	0	1	1
8353	1	1	1	0	0	28	2196	0	1	1
8373	1	1	1	0	0	28	2196	0	1	1
8383	1	1	1	0	0	28	2196	0	1	1
8393	1	1	1	0	0	28	2196	0	1	1
8403	1	1	1	0	0	28	2196	0	1	1
8413	1	1	1	0	0	28	2196	0	1	1
8423	1	1	1	0	0	28	2196	0	1	1
8433	1	1	1	0	0	28	2196	0	1	1
8443	1	1	1	0	0	28	2196	0	1	1
8453	1	1	1	0	0	28	2196	0	1	1
8463	1	1	1	0	0	28	2196	0	1	1
8473	1	1	1	0	0	28	2196	0	1	1
8483	1	1	1	0	0	28	2196	0	1	1
8493	1	1	1	0	0	28	2196	0	1	1
8503	1	1	1	0	0	28	2196	0	1	1
8513	1	1	1	0	0	28	2196	0	1	1
8523	1	1	1	0	0	28	2196	0	1	1
8533	1	1	1	0	0	28	2196	0	1	1
8543	1	1	1	0	0	28	2196	0	1	1
8553	1	1	1	0	0	28	2196	0	1	1
8563	1	1	1	0	0	28	2196	0	1	1
8583	1	1	1	0	0	28	2196	0	1	1
8593	1	1	1	0	0	28	2196	0	1	1
8603	1	1	1	0	0	28	2196	0	1	1
8613	1	1	1	0	0	28	2196	0	1	1
8623	1	1	1	0	0	28	2196	0	1	1
8633	1	1	1	0	0	28	2196	0	1	1
8643	1	1	1	0	0	28	2196	0	1	1
8653	1	1	1	0	0	28	2196	0	1	1
8663	1	1	1	0	0	28	2196	0	1	1
8673	1	1	1	0	0	28	2196	0	1	1
8693	1	1	1	0	0	28	2196	0	1	1
8703	1	1	1	0	0	28	2196	0	1	1
8713	1	1	1	0	0	28	2196	0	1	1
8733	1	1	1	0	0	28	2196	0	1	1
8743	1	1	1	0	0	28	2196	0	1	1
8753	1	1	1	0	0	28	2196	0	1	1
8763	1	1	1	0	0	28	2196	0	1	1
8773	1	1	1	0	0	28	2196	0	1	1
8783	1	1	1	0	0	28	2196	0	1	1
8793	1	1	1	0	0	28	2196	0	1	1
8803	1	1	1	0	0	28	2196	0	1	1
8813	1	1	1	0	0	28	2196	0	1	1
8823	1	1	1	0	0	28	2196	0	1	1
8833	1	1	1	0	0	28	2196	0	1	1
8843	1	1	1	0	0	28	2196	0	1	1
8853	1	1	1	0	0	28	2196	0	1	1
8863	1	1	1	0	0	28	2196	0	1	1
8873	1	1	1	0	0	28	2196	0	1	1
8883	1	1	1	0	0	28	2196	0	1	1
8893	1	1	1	0	0	28	2196	0	1	1
8903	1	1	1	0	0	28	2196	0	1	1
8913	1	1	1	0	0	28	2196	0	1	1
8923	1	1	1	0	0	28	2196	0	1	1
8933	1	1	1	0	0	28	2196	0	1	1
8953	1	1	1	0	0	28	2196	0	1	1
8963	1	1	1	0	0	28	2196	0	1	1
8973	1	1	1	0	0	28	2196	0	1	1
8983	1	1	1	0	0	28	2196	0	1	1
8993	1	1	1	0	0	28	2196	0	1	1
9013	1	1	1	0	0	28	2196	0	1	1
9023	1	1	1	0	0	28	2196	0	1	1
9043	1	1	1	0	0	28	2196	0	1	1
9053	1	1	1	0	0	28	2196	0	1	1
9063	1	1	1	0	0	28	2196	0	1	1
9073	1	1	1	0	0	28	2196	0	1	1
9083	1	1	1	0	0	28	2196	0	1	1
9093	1	1	1	0	0	28	2196	0	1	1
9103	1	1	1	0	0	28	2196	0	1	1
9113	1	1	1	0	0	28	2196	0	1	1
9123	1	1	1	0	0	28	2196	0	1	1
9133	1	1	1	0	0	28	2196	0	1	1
9143	1	1	1	0	0	28	2196	0	1	1
9153	1	1	1	0	0	28	2196	0	1	1
9163	1	1	1	0	0	28	2196	0	1	1
9173	1	1	1	0	0	28	2196	0	1	1
9183	1	1	1	0	0	28	2196	0	1	1
9193	1	1	1	0	0	28	2196	0	1	1
9203	1	1	1	0	0	28	2196	0	1	1
9213	1	1	1	0	0	28	2196	0	1	1
9223	1	1	1	0	0	28	2196	0	1	1
9243	1	1	1	0	0	28	2196	0	1	1
9263	1	1	1	0	0	28	2196	0	1	1
9273	1	1	1	0	0	28	2196	0	1	1
9283	1	1	1	0	0	28	2196	0	1	1
9293	1	1	1	0	0	28	2196	0	1	1
9303	1	1	1	0	0	28	2196	0	1	1
9313	1	1	1	0	0	28	2196	0	1	1
9323	1	1	1	0	0	28	2196	0	1	1
9333	1	1	1	0	0	28	2196	0	1	1
9343	1	1	1	0	0	28	2196	0	1	1
9353	1	1	1	0	0	28	2196	0	1	1
9363	1	1	1	0	0	28	2196	0	1	1
9373	1	1	1	0	0	28	2196	0	1	1
9393	1	1	1	0	0	28	2196	0	1	1
9403	1	1	1	0	0	28	2196	0	1	1
9413	1	1	1	0	0	28	2196	0	1	1
9423	1	1	1	0	0	28	2196	0	1	1
9433	1	1	1	0	0	28	2196	0	1	1
9443	1	1	1	0	0	28	2196	0	1	1
9453	1	1	1	0	0	28	2196	0	1	1
9463	1	1	1	0	0	28	2196	0	1	1
9483	1	1	1	0	0	28	2196	0	1	1
9493	1	1	1	0	0	28	2196	0	1	1
9503	1	1	1	0	0	28	2196	0	1	1
9513	1	1	1	0	0	28	2196	0	1	1
9523	1	1	1	0	0	28	2196	0	1	1
9533	1	1	1	0	0	28	2196	0	1	1
9543	1	1	1	0	0	28	2196	0	1	1
9553	1	1	1	0	0	28	2196	0	1	1
9563	1	1	1	0	0	28	2196	0	1	1
9573	1	1	1	0	0	28	2196	0	1	1
9583	1	1	1	0	0	28	2196	0	1	1
9593	1	1	1	0	0	28	2196	0	1	1
9603	1	1	1	0	0	28	2196	0	1	1
9623	1	1	1	0	0	28	2196	0	1	1
9633	1	1	1	0	0	28	2196	0	1	1
9643	1	1	1	0	0	28	2196	0	1	1
9653	1	1	1	0	0	28	2196	0	1	1
9663	1	1	1	0	0	28	2196	0	1	1
9673	1	1	1	0	0	28	2196	0	1	1
9683	1	1	1	0	0	28	2196	0	1	1
9693	1	1	1	0	0	28	2196	0	1	1
9703	1	1	1	0	0	28	2196	0	1	1
9713	1	1	1	0	0	28	2196	0	1	1
9723	1	1	1	0	0	28	2196	0	1	1
9733	1	1	1	0	0	28	2196	0	1	1
9743	1	1	1	0	0	28	2196	0	1	1
9753	1	1	1	0	0	28	2196	0	1	1
9763	1	1	1	0	0	28	2196	0	1	1
9773	1	1	1	0	0	28	2196	0	1	1
9783	1	1	1	0	0	28	2196	0	1	1
9793	1	1	1	0	0	28	2196	0	1	1
9803	1	1	1	0	0	28	2196	0	1	1
9813	1	1	1	0	0	28	2196	0	1	1
9823	1	1	1	0	0	28	2196	0	1	1
9833	1	1	1	0	0	28	2196	0	1	1
9843	1	1	1	0	0	28	2196	0	1	1
9853	1	1	1	0	0	28	2196	0	1	1
9863	1	1	1	0	0	28	2196	0	1	1
9873	1	1	1	0	0	28	2196	0	1	1
9883	1	1	1	0	0	28	2196	0	1	1
9893	1	1	1	0	0	28	2196	0	1	1
9903	1	1	1	0	0	28	2196	0	1	1
9913	1	1	1	0	0	28	2196	0	1	1
9923	1	1	1	0	0	28	2196	0	1	1
9943	1	1	1	0	0	28	2196	0	1	1
9953	1	1	1	0	0	28	2196	0	1	1
9963	1	1	1	0	0	28	2196	0	1	1
9973	1	1	1	0	0	28	2196	0	1	1
9983	1	1	1	0	0	28	2196	0	1	1
9993	1	1	1	0	0	28	2196	0	1	1
10003	1	1	1	0	0	28	2196	0	1	1
10013	1	1	1	0	0	28	2196	0	1	1
10023	1	1	1	0	0	28	2196	0	1	1
10033	1	1	1	0	0	28	2196	0	1	1
10043	1	1	1	0	0	28	2196	0	1	1
10063	1	1	1	0	0	28	2196	0	1	1
10073	1	1	1	0	0	28	2196	0	1	1
10083	1	1	1	0	0	28	2196	0	1	1
10103	1	1	1	0	0	28	2196	0	1	1
10113	1	1	1	0	0	28	2196	0	1	1
10123	1	1	1	0	0	28	2196	0	1	1
10133	1	1	1	0	0	28	2196	0	1	1
10143	1	1	1	0	0	28	2196	0	1	1
10153	1	1	1	0	0	28	2196	0	1	1
10163	1	1	1	0	0	28	2196	0	1	1
10173	1	1	1	0	0	28	2196	0	1	1
10183	1	1	1	0	0	28	2196	0	1	1
10193	1	1	1	0	0	28	2196	0	1	1
10203	1	1	1	0	0	28	2196	0	1	1
10213	1	1	1	0	0	28	2196	0	1	1
10223	1	1	1	0	0	28	2196	0	1	1
10233	1	1	1	0	0	28	2196	0	1	1
10243	1	1	1	0	0	28	2196	0	1	1
10253	1	1	1	0	0	28	2196	0	1	1
10263	1	1	1	0	0	28	2196	0	1	1
10273	1	1	1	0	0	28	2196	0	1	1
10283	1	1	1	0	0	28	2196	0	1	1
10293	1	1	1	0	0	28	2196	0	1	1
10303	1	1	1	0	0	28	2196	0	1	1
10313	1	1	1	0	0	28	2196	0	1	1
10323	1	1	1	0	0	28	2196	0	1	1
10343	1	1	1	0	0	28	2196	0	1	1
10353	1	1	1	0	0	28	2196	0	1	1
10363	1	1	1	0	0	28	2196	0	1	1
10373	1	1	1	0	0	28	2196	0	1	1
10383	1	1	1	0	0	28	2196	0	1	1
10393	1	1	1	0	0	28	2196	0	1	1
10403	1	1	1	0	0	28	2196	0	1	1
10413	1	1	1	0	0	28	2196	0	1	1
10423	1	1	1	0	0	28	2196	0	1	1
10433	1	1	1	0	0	28	2196	0	1	1
10443	1	1	1	0	0	28	2196	0	1	1
10453	1	1	1	0	0	28	2196	0	1	1
10463	1	1	1	0	0	28	2196	0	1	1
10473	1	1	1	0	0	28	2196	0	1	1
10483	1	1	1	0	0	28	2196	0	1	1
10493	1	1	1	0	0	28	2196	0	1	1
10503	1	1	1	0	0	28	2196	0	1	1
10513	1	1	1	0	0	28	2196	0	1	1
10523	1	1	1	0	0	28	2196	0	1	1
10533	1	1	1	0	0	28	2196	0	1	1
10543	1	1	1	0	0	28	2196	0	1	1
10563	1	1	1	0	0	28	2196	0	1	1
10573	1	1	1	0	0	28	2196	0	1	1
10583	1	1	1	0	0	28	2196	0	1	1
10593	1	1	1	0	0	28	2196	0	1	1
10603	1	1	1	0	0	28	2196	0	1	1
10613	1	1	1	0	0	28	2196	0	1	1
10623	1	1	1	0	0	28	2196	0	1	1
10633	1	1	1	0	0	28	2196	0	1	1
10653	1	1	1	0	0	28	2196	0	1	1
10663	1	1	1	0	0	28	2196	0	1	1
10673	1	1	1	0	0	28	2196	0	1	1
10683	1	1	1	0	0	28	2196	0	1	1
10693	1	1	1	0	0	28	2196	0	1	1
10703	1	1	1	0	0	28	2196	0	1	1
10713	1	1	1	0	0	28	2196	0	1	1
10723	1	1	1	0	0	28	2196	0	1	1
10733	1	1	1	0	0	28	2196	0	1	1
10743	1	1	1	0	0	28	2196	0	1	1
10753	1	1	1	0	0	28	2196	0	1	1
10763	1	1	1	0	0	28	2196	0	1	1
10773	1	1	1	0	0	28	2196	0	1	1
10783	1	1	1	0	0	28	2196	0	1	1
10793	1	1	1	0	0	28	2196	0	1	1
10803	1	1	1	0	0	28	2196	0	1	1
10813	1	1	1	0	0	28	2196	0	1	1
10823	1	1	1	0	0	28	2196	0	1	1
10833	1	1	1	0	0	28	2196	0	1	1
10843	1	1	1	0	0	28	2196	0	1	1
10853	1	1	1	0	0	28	2196	0	1	1
10863	1	1	1	0	0	28	2196	0	1	1
10873	1	1	1	0	0	28	2196	0	1	1
10883	1	1	1	0	0	28	2196	0	1	1
10893	1	1	1	0	0	28	2196	0	1	1
10903	1	1	1	0	0	28	2196	0	1	1
10913	1	1	1	0	0	28	2196	0	1	1
10923	1	1	1	0	0	28	2196	0	1	1
10933	1	1	1	0	0	28	2196	0	1	1
10943	1	1	1	0	0	28	2196	0	1	1
10953	1	1	1	0	0	28	2196	0	1	1
10963	1	1	1	0	0	28	2196	0	1	1
10973	1	1	1	0	0	28	2196	0	1	1
10983	1	1	1	0	0	28	2196	0	1	1
10993	1	1	1	0	0	28	2196	0	1	1
11013	2	1	1	0	0	28	2196	0	1	1
11023	2	1	1	0	0	28	2196	0	1	1
11043	2	1	1	0	0	28	2196	0	1	1
11053	2	1	1	0	0	28	2196	0	1	1
11063	2	1	1	0	0	28	2196	0	1	1
11073	2	1	1	0	0	28	2196	0	1	1
11083	2	1	1	0	0	28	2196	0	1	1
11093	2	1	1	0	0	28	2196	0	1	1
11103	2	1	1	0	0	28	2196	0	1	1
11113	2	1	1	0	0	28	2196	0	1	1
11123	2	1	1	0	0	28	2196	0	1	1
11133	2	1	1	0	0	28	2196	0	1	1
11153	2	1	1	0	0	28	2196	0	1	1
11163	2	1	1	0	0	28	2196	0	1	1
11173	2	1	1	0	0	28	2196	0	1	1
11183	2	1	1	0	0	28	2196	0	1	1
11193	2	1	1	0	0	28	2196	0	1	1
11213	2	1	1	0	0	28	2196	0	1	1
11223	2	1	1	0	0	28	2196	0	1	1
11233	2	1	1	0	0	28	2196	0	1	1
11243	2	1	1	0	0	28	2196	0	1	1
11253	2	1	1	0	0	28	2196	0	1	1
11263	2	1	1	0	0	28	2196	0	1	1
11273	2	1	1	0	0	28	2196	0	1	1
11283	2	1	1	0	0	28	2196	0	1	1
11293	2	1	1	0	0	28	2196	0	1	1
11303	2	1	1	0	0	28	2196	0	1	1
11313	2	1	1	0	0	28	2196	0	1	1
11323	2	1	1	0	0	28	2196	0	1	1
11333	2	1	1	0	0	28	2196	0	1	1
11343	2	1	1	0	0	28	2196	0	1	1
11353	2	1	1	0	0	28	2196	0	1	1
11363	2	1	1	0	0	28	2196	0	1	1
11373	2	1	1	0	0	28	2196	0	1	1
11383	2	1	1	0	0	28	2196	0	1	1
11393	2	1	1	0	0	28	2196	0	1	1
11403	2	1	1	0	0	28	2196	0	1	1
11413	2	1	1	0	0	28	2196	0	1	1
11423	2	1	1	0	0	28	2196	0	1	1
11433	2	1	1	0	0	28	2196	0	1	1
11443	2	1	1	0	0	28	2196	0	1	1
11463	2	1	1	0	0	28	2196	0	1	1
11473	2	1	1	0	0	28	2196	0	1	1
11483	2	1	1	0	0	28	2196	0	1	1
11493	2	1	1	0	0	28	2196	0	1	1
11503	2	1	1	0	0	28	2196	0	1	1
11513	2	1	1	0	0	28	2196	0	1	1
11523	2	1	1	0	0	28	2196	0	1	1
11533	2	1	1	0	0	28	2196	0	1	1
11543	2	1	1	0	0	28	2196	0	1	1
11553	2	1	1	0	0	28	2196	0	1	1
11563	2	1	1	0	0	28	2196	0	1	1
11573	2	1	1	0	0	28	2196	0	1	1
11583	2	1	1	0	0	28	2196	0	1	1
11593	2	1	1	0	0	28	2196	0	1	1
11613	2	1	1	0	0	28	2196	0	1	1
11623	2	1	1	0	0	28	2196	0	1	1
11633	2	1	1	0	0	28	2196	0	1	1
11643	2	1	1	0	0	28	2196	0	1	1
11653	2	1	1	0	0	28	2196	0	1	1
11663	2	1	1	0	0	28	2196	0	1	1
11673	2	1	1	0	0	28	2196	0	1	1
11683	2	1	1	0	0	28	2196	0	1	1
11693	2	1	1	0	0	28	2196	0	1	1
11703	2	1	1	0	0	28	2196	0	1	1
11713	2	1	1	0	0	28	2196	0	1	1
11723	2	1	1	0	0	28	2196	0	1	1
11733	2	1	1	0	0	28	2196	0	1	1
11743	2	1	1	0	0	28	2196	0	1	1
11753	2	1	1	0	0	28	2196	0	1	1
11763	2	1	1	0	0	28	2196	0	1	1
11773	2	1	1	0	0	28	2196	0	1	1
11793	2	1	1	0	0	28	2196	0	1	1
11803	2	1	1	0	0	28	2196	0	1	1
11813	2	1	1	0	0	28	2196	0	1	1
11823	2	1	1	0	0	28	2196	0	1	1
11843	2	1	1	0	0	28	2196	0	1	1
11853	2	1	1	0	0	28	2196	0	1	1
11863	2	1	1	0	0	28	2196	0	1	1
11873	2	1	1	0	0	28	2196	0	1	1
11883	2	1	1	0	0	28	2196	0	1	1
11893	2	1	1	0	0	28	2196	0	1	1
11903	2	1	1	0	0	28	2196	0	1	1
11913	2	1	1	0	0	28	2196	0	1	1
11923	2	1	1	0	0	28	2196	0	1	1
11933	2	1	1	0	0	28	2196	0	1	1
11943	2	1	1	0	0	28	2196	0	1	1
11953	2	1	1	0	0	28	2196	0	1	1
11963	2	1	1	0	0	28	2196	0	1	1
11973	2	1	1	0	0	28	2196	0	1	1
11983	2	1	1	0	0	28	2196	0	1	1
11993	2	1	1	0	0	28	2196	0	1	1
12003	2	1	1	0	0	28	2196	0	1	1
12013	2	1	1	0	0	28	2196	0	1	1
12023	2	1	1	0	0	28	2196	0	1	1
12033	2	1	1	0	0	28	2196	0	1	1
12043	2	1	1	0	0	28	2196	0	1	1
12063	2	1	1	0	0	28	2196	0	1	1
12073	2	1	1	0	0	28	2196	0	1	1
12093	2	1	1	0	0	28	2196	0	1	1
12103	2	1	1	0	0	28	2196	0	1	1
12113	2	1	1	0	0	28	2196	0	1	1
12123	2	1	1	0	0	28	2196	0	1	1
12133	2	1	1	0	0	28	2196	0	1	1
12143	2	1	1	0	0	28	2196	0	1	1
12153	2	1	1	0	0	28	2196	0	1	1
12163	2	1	1	0	0	28	2196	0	1	1
12173	2	1	1	0	0	28	2196	0	1	1
12203	2	1	1	0	0	28	2196	0	1	1
12213	2	1	1	0	0	28	2196	0	1	1
12223	2	1	1	0	0	28	2196	0	1	1
12243	2	1	1	0	0	28	2196	0	1	1
12253	2	1	1	0	0	28	2196	0	1	1
12263	2	1	1	0	0	28	2196	0	1	1
12273	2	1	1	0	0	28	2196	0	1	1
12283	2	1	1	0	0	28	2196	0	1	1
12293	2	1	1	0	0	28	2196	0	1	1
12303	2	1	1	0	0	28	2196	0	1	1
12313	2	1	1	0	0	28	2196	0	1	1
12323	2	1	1	0	0	28	2196	0	1	1
12333	2	1	1	0	0	28	2196	0	1	1
12343	2	1	1	0	0	28	2196	0	1	1
12353	2	1	1	0	0	28	2196	0	1	1
12363	2	1	1	0	0	28	2196	0	1	1
12373	2	1	1	0	0	28	2196	0	1	1
12383	2	1	1	0	0	28	2196	0	1	1
12393	2	1	1	0	0	28	2196	0	1	1
12403	2	1	1	0	0	28	2196	0	1	1
12413	2	1	1	0	0	28	2196	0	1	1
12423	2	1	1	0	0	28	2196	0	1	1
12433	2	1	1	0	0	28	2196	0	1	1
12443	2	1	1	0	0	28	2196	0	1	1
12463	2	1	1	0	0	28	2196	0	1	1
12473	2	1	1	0	0	28	2196	0	1	1
12483	2	1	1	0	0	28	2196	0	1	1
12503	2	1	1	0	0	28	2196	0	1	1
12513	2	1	1	0	0	28	2196	0	1	1
12523	2	1	1	0	0	28	2196	0	1	1
12533	2	1	1	0	0	28	2196	0	1	1
12543	2	1	1	0	0	28	2196	0	1	1
12563	2	1	1	0	0	28	2196	0	1	1
12573	2	1	1	0	0	28	2196	0	1	1
12583	2	1	1	0	0	28	2196	0	1	1
12593	2	1	1	0	0	28	2196	0	1	1
12613	2	1	1	0	0	28	2196	0	1	1
12623	2	1	1	0	0	28	2196	0	1	1
12633	2	1	1	0	0	28	2196	0	1	1
12643	2	1	1	0	0	28	2196	0	1	1
12653	2	1	1	0	0	28	2196	0	1	1
12663	2	1	1	0	0	28	2196	0	1	1
12673	2	1	1	0	0	28	2196	0	1	1
12693	2	1	1	0	0	28	2196	0	1	1
12703	2	1	1	0	0	28	2196	0	1	1
12713	2	1	1	0	0	28	2196	0	1	1
12723	2	1	1	0	0	28	2196	0	1	1
12733	2	1	1	0	0	28	2196	0	1	1
12743	2	1	1	0	0	28	2196	0	1	1
12753	2	1	1	0	0	28	2196	0	1	1
12783	2	1	1	0	0	28	2196	0	1	1
12793	2	1	1	0	0	28	2196	0	1	1
12803	2	1	1	0	0	28	2196	0	1	1
12813	2	1	1	0	0	28	2196	0	1	1
12823	2	1	1	0	0	28	2196	0	1	1
12843	2	1	1	0	0	28	2196	0	1	1
12853	2	1	1	0	0	28	2196	0	1	1
12863	2	1	1	0	0	28	2196	0	1	1
12873	2	1	1	0	0	28	2196	0	1	1
12883	2	1	1	0	0	28	2196	0	1	1
12893	2	1	1	0	0	28	2196	0	1	1
12913	2	1	1	0	0	28	2196	0	1	1
12923	2	1	1	0	0	28	2196	0	1	1
12933	2	1	1	0	0	28	2196	0	1	1
12943	2	1	1	0	0	28	2196	0	1	1
12953	2	1	1	0	0	28	2196	0	1	1
12963	2	1	1	0	0	28	2196	0	1	1
12973	2	1	1	0	0	28	2196	0	1	1
12983	2	1	1	0	0	28	2196	0	1	1
12993	2	1	1	0	0	28	2196	0	1	1
13003	2	1	1	0	0	28	2196	0	1	1
13013	2	1	1	0	0	28	2196	0	1	1
13023	2	1	1	0	0	28	2196	0	1	1
13033	2	1	1	0	0	28	2196	0	1	1
13043	2	1	1	0	0	28	2196	0	1	1
13053	2	1	1	0	0	28	2196	0	1	1
13063	2	1	1	0	0	28	2196	0	1	1
13073	2	1	1	0	0	28	2196	0	1	1
13083	2	1	1	0	0	28	2196	0	1	1
13103	2	1	1	0	0	28	2196	0	1	1
13113	2	1	1	0	0	28	2196	0	1	1
13123	2	1	1	0	0	28	2196	0	1	1
13133	2	1	1	0	0	28	2196	0	1	1
13153	2	1	1	0	0	28	2196	0	1	1
13163	2	1	1	0	0	28	2196	0	1	1
13173	2	1	1	0	0	28	2196	0	1	1
13183	2	1	1	0	0	28	2196	0	1	1
13193	2	1	1	0	0	28	2196	0	1	1
13203	2	1	1	0	0	28	2196	0	1	1
13213	2	1	1	0	0	28	2196	0	1	1
13223	2	1	1	0	0	28	2196	0	1	1
13243	2	1	1	0	0	28	2196	0	1	1
13253	2	1	1	0	0	28	2196	0	1	1
13263	2	1	1	0	0	28	2196	0	1	1
13273	2	1	1	0	0	28	2196	0	1	1
13283	2	1	1	0	0	28	2196	0	1	1
13303	2	1	1	0	0	28	2196	0	1	1
13313	2	1	1	0	0	28	2196	0	1	1
13323	2	1	1	0	0	28	2196	0	1	1
13353	2	1	1	0	0	28	2196	0	1	1
13363	2	1	1	0	0	28	2196	0	1	1
13373	2	1	1	0	0	28	2196	0	1	1
13383	2	1	1	0	0	28	2196	0	1	1
13393	2	1	1	0	0	28	2196	0	1	1
13403	2	1	1	0	0	28	2196	0	1	1
13413	2	1	1	0	0	28	2196	0	1	1
13423	2	1	1	0	0	28	2196	0	1	1
13433	2	1	1	0	0	28	2196	0	1	1
13443	2	1	1	0	0	28	2196	0	1	1
13453	2	1	1	0	0	28	2196	0	1	1
13463	2	1	1	0	0	28	2196	0	1	1
13473	2	1	1	0	0	28	2196	0	1	1
13483	2	1	1	0	0	28	2196	0	1	1
13493	2	1	1	0	0	28	2196	0	1	1
13503	2	1	1	0	0	28	2196	0	1	1
13513	2	1	1	0	0	28	2196	0	1	1
13523	2	1	1	0	0	28	2196	0	1	1
13543	2	1	1	0	0	28	2196	0	1	1
13553	2	1	1	0	0	28	2196	0	1	1
13563	2	1	1	0	0	28	2196	0	1	1
13573	2	1	1	0	0	28	2196	0	1	1
13583	2	1	1	0	0	28	2196	0	1	1
13593	2	1	1	0	0	28	2196	0	1	1
13603	2	1	1	0	0	28	2196	0	1	1
13613	2	1	1	0	0	28	2196	0	1	1
13623	2	1	1	0	0	28	2196	0	1	1
13633	2	1	1	0	0	28	2196	0	1	1
13643	2	1	1	0	0	28	2196	0	1	1
13653	2	1	1	0	0	28	2196	0	1	1
13663	2	1	1	0	0	28	2196	0	1	1
13673	2	1	1	0	0	28	2196	0	1	1
13693	2	1	1	0	0	28	2196	0	1	1
13703	2	1	1	0	0	28	2196	0	1	1
13713	2	1	1	0	0	28	2196	0	1	1
13723	2	1	1	0	0	28	2196	0	1	1
13733	2	1	1	0	0	28	2196	0	1	1
13743	2	1	1	0	0	28	2196	0	1	1
13753	2	1	1	0	0	28	2196	0	1	1
13763	2	1	1	0	0	28	2196	0	1	1
13773	2	1	1	0	0	28	2196	0	1	1
13783	2	1	1	0	0	28	2196	0	1	1
13793	2	1	1	0	0	28	2196	0	1	1
13803	2	1	1	0	0	28	2196	0	1	1
13813	2	1	1	0	0	28	2196	0	1	1
13823	2	1	1	0	0	28	2196	0	1	1
13833	2	1	1	0	0	28	2196	0	1	1
13843	2	1	1	0	0	28	2196	0	1	1
13853	2	1	1	0	0	28	2196	0	1	1
13863	2	1	1	0	0	28	2196	0	1	1
13873	2	1	1	0	0	28	2196	0	1	1
13883	2	1	1	0	0	28	2196	0	1	1
13893	2	1	1	0	0	28	2196	0	1	1
13903	2	1	1	0	0	28	2196	0	1	1
13913	2	1	1	0	0	28	2196	0	1	1
13923	2	1	1	0	0	28	2196	0	1	1
13933	2	1	1	0	0	28	2196	0	1	1
13943	2	1	1	0	0	28	2196	0	1	1
13953	2	1	1	0	0	28	2196	0	1	1
13963	2	1	1	0	0	28	2196	0	1	1
13973	2	1	1	0	0	28	2196	0	1	1
13983	2	1	1	0	0	28	2196	0	1	1
13993	2	1	1	0	0	28	2196	0	1	1
14003	2	1	1	0	0	28	2196	0	1	1
14013	2	1	1	0	0	28	2196	0	1	1
14023	2	1	1	0	0	28	2196	0	1	1
14043	2	1	1	0	0	28	2196	0	1	1
14053	2	1	1	0	0	28	2196	0	1	1
14063	2	1	1	0	0	28	2196	0	1	1
14073	2	1	1	0	0	28	2196	0	1	1
14083	2	1	1	0	0	28	2196	0	1	1
14093	2	1	1	0	0	28	2196	0	1	1
14103	2	1	1	0	0	28	2196	0	1	1
14113	2	1	1	0	0	28	2196	0	1	1
14123	2	1	1	0	0	28	2196	0	1	1
14133	2	1	1	0	0	28	2196	0	1	1
14143	2	1	1	0	0	28	2196	0	1	1
14153	2	1	1	0	0	28	2196	0	1	1
14163	2	1	1	0	0	28	2196	0	1	1
14173	2	1	1	0	0	28	2196	0	1	1
14183	2	1	1	0	0	28	2196	0	1	1
14193	2	1	1	0	0	28	2196	0	1	1
14203	2	1	1	0	0	28	2196	0	1	1
14213	2	1	1	0	0	28	2196	0	1	1
14223	2	1	1	0	0	28	2196	0	1	1
14233	2	1	1	0	0	28	2196	0	1	1
14243	2	1	1	0	0	28	2196	0	1	1
14253	2	1	1	0	0	28	2196	0	1	1
14263	2	1	1	0	0	28	2196	0	1	1
14273	2	1	1	0	0	28	2196	0	1	1
14283	2	1	1	0	0	28	2196	0	1	1
14303	2	1	1	0	0	28	2196	0	1	1
14313	2	1	1	0	0	28	2196	0	1	1
14323	2	1	1	0	0	28	2196	0	1	1
14333	2	1	1	0	0	28	2196	0	1	1
14343	2	1	1	0	0	28	2196	0	1	1
14353	2	1	1	0	0	28	2196	0	1	1
14363	2	1	1	0	0	28	2196	0	1	1
14383	2	1	1	0	0	28	2196	0	1	1
14393	2	1	1	0	0	28	2196	0	1	1
14403	2	1	1	0	0	28	2196	0	1	1
14413	2	1	1	0	0	28	2196	0	1	1
14433	2	1	1	0	0	28	2196	0	1	1
14443	2	1	1	0	0	28	2196	0	1	1
14453	2	1	1	0	0	28	2196	0	1	1
14463	2	1	1	0	0	28	2196	0	1	1
14473	2	1	1	0	0	28	2196	0	1	1
14483	2	1	1	0	0	28	2196	0	1	1
14493	2	1	1	0	0	28	2196	0	1	1
14503	2	1	1	0	0	28	2196	0	1	1
14523	2	1	1	0	0	28	2196	0	1	1
14533	2	1	1	0	0	28	2196	0	1	1
14543	2	1	1	0	0	28	2196	0	1	1
14553	2	1	1	0	0	28	2196	0	1	1
14563	2	1	1	0	0	28	2196	0	1	1
14573	2	1	1	0	0	28	2196	0	1	1
14583	2	1	1	0	0	28	2196	0	1	1
14603	2	1	1	0	0	28	2196	0	1	1
14613	2	1	1	0	0	28	2196	0	1	1
14623	2	1	1	0	0	28	2196	0	1	1
14633	2	1	1	0	0	28	2196	0	1	1
14643	2	1	1	0	0	28	2196	0	1	1
14653	2	1	1	0	0	28	2196	0	1	1
14663	2	1	1	0	0	28	2196	0	1	1
14673	2	1	1	0	0	28	2196	0	1	1
14683	2	1	1	0	0	28	2196	0	1	1
14693	2	1	1	0	0	28	2196	0	1	1
14703	2	1	1	0	0	28	2196	0	1	1
14713	2	1	1	0	0	28	2196	0	1	1
14723	2	1	1	0	0	28	2196	0	1	1
14733	2	1	1	0	0	28	2196	0	1	1
14743	2	1	1	0	0	28	2196	0	1	1
14753	2	1	1	0	0	28	2196	0	1	1
14763	2	1	1	0	0	28	2196	0	1	1
14773	2	1	1	0	0	28	2196	0	1	1
14783	2	1	1	0	0	28	2196	0	1	1
14793	2	1	1	0	0	28	2196	0	1	1
14803	2	1	1	0	0	28	2196	0	1	1
14833	2	1	1	0	0	28	2196	0	1	1
14843	2	1	1	0	0	28	2196	0	1	1
14853	2	1	1	0	0	28	2196	0	1	1
14863	2	1	1	0	0	28	2196	0	1	1
14873	2	1	1	0	0	28	2196	0	1	1
14883	2	1	1	0	0	28	2196	0	1	1
14893	2	1	1	0	0	28	2196	0	1	1
14903	2	1	1	0	0	28	2196	0	1	1
14913	2	1	1	0	0	28	2196	0	1	1
14923	2	1	1	0	0	28	2196	0	1	1
14953	2	1	1	0	0	28	2196	0	1	1
14963	2	1	1	0	0	28	2196	0	1	1
14973	2	1	1	0	0	28	2196	0	1	1
14983	2	1	1	0	0	28	2196	0	1	1
14993	2	1	1	0	0	28	2196	0	1	1
15003	2	1	1	0	0	28	2196	0	1	1
15013	2	1	1	0	0	28	2196	0	1	1
15023	2	1	1	0	0	28	2196	0	1	1
15043	2	1	1	0	0	28	2196	0	1	1
15053	2	1	1	0	0	28	2196	0	1	1
15063	2	1	1	0	0	28	2196	0	1	1
15073	2	1	1	0	0	28	2196	0	1	1
15083	2	1	1	0	0	28	2196	0	1	1
15093	2	1	1	0	0	28	2196	0	1	1
15113	2	1	1	0	0	28	2196	0	1	1
15133	2	1	1	0	0	28	2196	0	1	1
15143	2	1	1	0	0	28	2196	0	1	1
15153	2	1	1	0	0	28	2196	0	1	1
15163	2	1	1	0	0	28	2196	0	1	1
15173	2	1	1	0	0	28	2196	0	1	1
15183	2	1	1	0	0	28	2196	0	1	1
15193	2	1	1	0	0	28	2196	0	1	1
15203	2	1	1	0	0	28	2196	0	1	1
15213	2	1	1	0	0	28	2196	0	1	1
15223	2	1	1	0	0	28	2196	0	1	1
15233	2	1	1	0	0	28	2196	0	1	1
15243	2	1	1	0	0	28	2196	0	1	1
15253	2	1	1	0	0	28	2196	0	1	1
15263	2	1	1	0	0	28	2196	0	1	1
15273	2	1	1	0	0	28	2196	0	1	1
15283	2	1	1	0	0	28	2196	0	1	1
15293	2	1	1	0	0	28	2196	0	1	1
15303	2	1	1	0	0	28	2196	0	1	1
15313	2	1	1	0	0	28	2196	0	1	1
15323	2	1	1	0	0	28	2196	0	1	1
15333	2	1	1	0	0	28	2196	0	1	1
15343	2	1	1	0	0	28	2196	0	1	1
15353	2	1	1	0	0	28	2196	0	1	1
15363	2	1	1	0	0	28	2196	0	1	1
15373	2	1	1	0	0	28	2196	0	1	1
15393	2	1	1	0	0	28	2196	0	1	1
15403	2	1	1	0	0	28	2196	0	1	1
15413	2	1	1	0	0	28	2196	0	1	1
15423	2	1	1	0	0	28	2196	0	1	1
15433	2	1	1	0	0	28	2196	0	1	1
15443	2	1	1	0	0	28	2196	0	1	1
15453	2	1	1	0	0	28	2196	0	1	1
15463	2	1	1	0	0	28	2196	0	1	1
15473	2	1	1	0	0	28	2196	0	1	1
15483	2	1	1	0	0	28	2196	0	1	1
15493	2	1	1	0	0	28	2196	0	1	1
15503	2	1	1	0	0	28	2196	0	1	1
15513	2	1	1	0	0	28	2196	0	1	1
15523	2	1	1	0	0	28	2196	0	1	1
15533	2	1	1	0	0	28	2196	0	1	1
15543	2	1	1	0	0	28	2196	0	1	1
15553	2	1	1	0	0	28	2196	0	1	1
15563	2	1	1	0	0	28	2196	0	1	1
15573	2	1	1	0	0	28	2196	0	1	1
15583	2	1	1	0	0	28	2196	0	1	1
15593	2	1	1	0	0	28	2196	0	1	1
15603	2	1	1	0	0	28	2196	0	1	1
15623	2	1	1	0	0	28	2196	0	1	1
15633	2	1	1	0	0	28	2196	0	1	1
15643	2	1	1	0	0	28	2196	0	1	1
15653	2	1	1	0	0	28	2196	0	1	1
15663	2	1	1	0	0	28	2196	0	1	1
15673	2	1	1	0	0	28	2196	0	1	1
15683	2	1	1	0	0	28	2196	0	1	1
15693	2	1	1	0	0	28	2196	0	1	1
15703	2	1	1	0	0	28	2196	0	1	1
15713	2	1	1	0	0	28	2196	0	1	1
15723	2	1	1	0	0	28	2196	0	1	1
15733	2	1	1	0	0	28	2196	0	1	1
15743	2	1	1	0	0	28	2196	0	1	1
15753	2	1	1	0	0	28	2196	0	1	1
15763	2	1	1	0	0	28	2196	0	1	1
15773	2	1	1	0	0	28	2196	0	1	1
15783	2	1	1	0	0	28	2196	0	1	1
15793	2	1	1	0	0	28	2196	0	1	1
15803	2	1	1	0	0	28	2196	0	1	1
15813	2	1	1	0	0	28	2196	0	1	1
15823	2	1	1	0	0	28	2196	0	1	1
15833	2	1	1	0	0	28	2196	0	1	1
15853	2	1	1	0	0	28	2196	0	1	1
15863	2	1	1	0	0	28	2196	0	1	1
15873	2	1	1	0	0	28	2196	0	1	1
15883	2	1	1	0	0	28	2196	0	1	1
15903	2	1	1	0	0	28	2196	0	1	1
15913	2	1	1	0	0	28	2196	0	1	1
15923	2	1	1	0	0	28	2196	0	1	1
15933	2	1	1	0	0	28	2196	0	1	1
15943	2	1	1	0	0	28	2196	0	1	1
15953	2	1	1	0	0	28	2196	0	1	1
15963	2	1	1	0	0	28	2196	0	1	1
15973	2	1	1	0	0	28	2196	0	1	1
15983	2	1	1	0	0	28	2196	0	1	1
15993	2	1	1	0	0	28	2196	0	1	1
16003	2	1	1	0	0	28	2196	0	1	1
16013	2	1	1	0	0	28	2196	0	1	1
16023	2	1	1	0	0	28	2196	0	1	1
16033	2	1	1	0	0	28	2196	0	1	1
16043	2	1	1	0	0	28	2196	0	1	1
16053	2	1	1	0	0	28	2196	0	1	1
16073	2	1	1	0	0	28	2196	0	1	1
16083	2	1	1	0	0	28	2196	0	1	1
16103	2	1	1	0	0	28	2196	0	1	1
16113	2	1	1	0	0	28	2196	0	1	1
16123	2	1	1	0	0	28	2196	0	1	1
16133	2	1	1	0	0	28	2196	0	1	1
16143	2	1	1	0	0	28	2196	0	1	1
16153	2	1	1	0	0	28	2196	0	1	1
16163	2	1	1	0	0	28	2196	0	1	1
16173	2	1	1	0	0	28	2196	0	1	1
16183	2	1	1	0	0	28	2196	0	1	1
16193	2	1	1	0	0	28	2196	0	1	1
16203	2	1	1	0	0	28	2196	0	1	1
16213	2	1	1	0	0	28	2196	0	1	1
16223	2	1	1	0	0	28	2196	0	1	1
16233	2	1	1	0	0	28	2196	0	1	1
16243	2	1	1	0	0	28	2196	0	1	1
16253	2	1	1	0	0	28	2196	0	1	1
16263	2	1	1	0	0	28	2196	0	1	1
16273	2	1	1	0	0	28	2196	0	1	1
16283	2	1	1	0	0	28	2196	0	1	1
16293	2	1	1	0	0	28	2196	0	1	1
16303	2	1	1	0	0	28	2196	0	1	1
16313	2	1	1	0	0	28	2196	0	1	1
16323	2	1	1	0	0	28	2196	0	1	1
16333	2	1	1	0	0	28	2196	0	1	1
16343	2	1	1	0	0	28	2196	0	1	1
16353	2	1	1	0	0	28	2196	0	1	1
16363	2	1	1	0	0	28	2196	0	1	1
16373	2	1	1	0	0	28	2196	0	1	1
16383	2	1	1	0	0	28	2196	0	1	1
16393	2	1	1	0	0	28	2196	0	1	1
16413	2	1	1	0	0	28	2196	0	1	1
16423	2	1	1	0	0	28	2196	0	1	1
16433	2	1	1	0	0	28	2196	0	1	1
16443	2	1	1	0	0	28	2196	0	1	1
16453	2	1	1	0	0	28	2196	0	1	1
16463	2	1	1	0	0	28	2196	0	1	1
16473	2	1	1	0	0	28	2196	0	1	1
16493	3	1	1	0	0	28	2196	0	1	1
16513	3	1	1	0	0	28	2196	0	1	1
16533	3	1	1	0	0	28	2196	0	1	1
16543	3	1	1	0	0	28	2196	0	1	1
16553	3	1	1	0	0	28	2196	0	1	1
16563	3	1	1	0	0	28	2196	0	1	1
16573	3	1	1	0	0	28	2196	0	1	1
16583	3	1	1	0	0	28	2196	0	1	1
16593	3	1	1	0	0	28	2196	0	1	1
16603	3	1	1	0	0	28	2196	0	1	1
16613	3	1	1	0	0	28	2196	0	1	1
16623	3	1	1	0	0	28	2196	0	1	1
16633	3	1	1	0	0	28	2196	0	1	1
16653	3	1	1	0	0	28	2196	0	1	1
16663	3	1	1	0	0	28	2196	0	1	1
16673	3	1	1	0	0	28	2196	0	1	1
16683	3	1	1	0	0	28	2196	0	1	1
16693	3	1	1	0	0	28	2196	0	1	1
16703	3	1	1	0	0	28	2196	0	1	1
16713	3	1	1	0	0	28	2196	0	1	1
16723	3	1	1	0	0	28	2196	0	1	1
16733	3	1	1	0	0	28	2196	0	1	1
16743	3	1	1	0	0	28	2196	0	1	1
16753	3	1	1	0	0	28	2196	0	1	1
16763	3	1	1	0	0	28	2196	0	1	1
16773	3	1	1	0	0	28	2196	0	1	1
16793	3	1	1	0	0	28	2196	0	1	1
16803	3	1	1	0	0	28	2196	0	1	1
16813	3	1	1	0	0	28	2196	0	1	1
16823	3	1	1	0	0	28	2196	0	1	1
16833	3	1	1	0	0	28	2196	0	1	1
16843	3	1	1	0	0	28	2196	0	1	1
16853	3	1	1	0	0	28	2196	0	1	1
16863	3	1	1	0	0	28	2196	0	1	1
16873	3	1	1	0	0	28	2196	0	1	1
16883	3	1	1	0	0	28	2196	0	1	1
16893	3	1	1	0	0	28	2196	0	1	1
16903	3	1	1	0	0	28	2196	0	1	1
16913	3	1	1	0	0	28	2196	0	1	1
16923	3	1	1	0	0	28	2196	0	1	1
16933	3	1	1	0	0	28	2196	0	1	1
16943	3	1	1	0	0	28	2196	0	1	1
16953	3	1	1	0	0	28	2196	0	1	1
16963	3	1	1	0	0	28	2196	0	1	1
16973	3	1	1	0	0	28	2196	0	1	1
16983	3	1	1	0	0	28	2196	0	1	1
16993	3	1	1	0	0	28	2196	0	1	1
17003	3	1	1	0	0	28	2196	0	1	1
17013	3	1	1	0	0	28	2196	0	1	1
17023	3	1	1	0	0	28	2196	0	1	1
17033	3	1	1	0	0	28	2196	0	1	1
17043	3	1	1	0	0	28	2196	0	1	1
17053	3	1	1	0	0	28	2196	0	1	1
17063	3	1	1	0	0	28	2196	0	1	1
17073	3	1	1	0	0	28	2196	0	1	1
17083	3	1	1	0	0	28	2196	0	1	1
17103	3	1	1	0	0	28	2196	0	1	1
17113	3	1	1	0	0	28	2196	0	1	1
17123	3	1	1	0	0	28	2196	0	1	1
17133	3	1	1	0	0	28	2196	0	1	1
17143	3	1	1	0	0	28	2196	0	1	1
17153	3	1	1	0	0	28	2196	0	1	1
17163	3	1	1	0	0	28	2196	0	1	1
17173	3	1	1	0	0	28	2196	0	1	1
17183	3	1	1	0	0	28	2196	0	1	1
17193	3	1	1	0	0	28	2196	0	1	1
17203	3	1	1	0	0	28	2196	0	1	1
17213	3	1	1	0	0	28	2196	0	1	1
17223	3	1	1	0	0	28	2196	0	1	1
17233	3	1	1	0	0	28	2196	0	1	1
17243	3	1	1	0	0	28	2196	0	1	1
17253	3	1	1	0	0	28	2196	0	1	1
17263	3	1	1	0	0	28	2196	0	1	1
17273	3	1	1	0	0	28	2196	0	1	1
17283	3	1	1	0	0	28	2196	0	1	1
17293	3	1	1	0	0	28	2196	0	1	1
17303	3	1	1	0	0	28	2196	0	1	1
17313	3	1	1	0	0	28	2196	0	1	1
17323	3	1	1	0	0	28	2196	0	1	1
17333	3	1	1	0	0	28	2196	0	1	1
17353	3	1	1	0	0	28	2196	0	1	1
17363	3	1	1	0	0	28	2196	0	1	1
17373	3	1	1	0	0	28	2196	0	1	1
17383	3	1	1	0	0	28	2196	0	1	1
17393	3	1	1	0	0	28	2196	0	1	1
17403	3	1	1	0	0	28	2196	0	1	1
17413	3	1	1	0	0	28	2196	0	1	1
17423	3	1	1	0	0	28	2196	0	1	1
17433	3	1	1	0	0	28	2196	0	1	1
17443	3	1	1	0	0	28	2196	0	1	1
17453	3	1	1	0	0	28	2196	0	1	1
17463	3	1	1	0	0	28	2196	0	1	1
17473	3	1	1	0	0	28	2196	0	1	1
17483	3	1	1	0	0	28	2196	0	1	1
17493	3	1	1	0	0	28	2196	0	1	1
17503	3	1	1	0	0	28	2196	0	1	1
17513	3	1	1	0	0	28	2196	0	1	1
17523	3	1	1	0	0	28	2196	0	1	1
17533	3	1	1	0	0	28	2196	0	1	1
17543	3	1	1	0	0	28	2196	0	1	1
17553	3	1	1	0	0	28	2196	0	1	1
17563	3	1	1	0	0	28	2196	0	1	1
17573	3	1	1	0	0	28	2196	0	1	1
17583	3	1	1	0	0	28	2196	0	1	1
17593	3	1	1	0	0	28	2196	0	1	1
17603	3	1	1	0	0	28	2196	0	1	1
17613	3	1	1	0	0	28	2196	0	1	1
17623	3	1	1	0	0	28	2196	0	1	1
17633	3	1	1	0	0	28	2196	0	1	1
17643	3	1	1	0	0	28	2196	0	1	1
17653	3	1	1	0	0	28	2196	0	1	1
17663	3	1	1	0	0	28	2196	0	1	1
17673	3	1	1	0	0	28	2196	0	1	1
17683	3	1	1	0	0	28	2196	0	1	1
17693	3	1	1	0	0	28	2196	0	1	1
17703	3	1	1	0	0	28	2196	0	1	1
17713	3	1	1	0	0	28	2196	0	1	1
17723	3	1	1	0	0	28	2196	0	1	1
17733	3	1	1	0	0	28	2196	0	1	1
17743	3	1	1	0	0	28	2196	0	1	1
17753	3	1	1	0	0	28	2196	0	1	1
17763	3	1	1	0	0	28	2196	0	1	1
17773	3	1	1	0	0	28	2196	0	1	1
17783	3	1	1	0	0	28	2196	0	1	1
17793	3	1	1	0	0	28	2196	0	1	1
17813	3	1	1	0	0	28	2196	0	1	1
17823	3	1	1	0	0	28	2196	0	1	1
17833	3	1	1	0	0	28	2196	0	1	1
17843	3	1	1	0	0	28	2196	0	1	1
17853	3	1	1	0	0	28	2196	0	1	1
17863	3	1	1	0	0	28	2196	0	1	1
17873	3	1	1	0	0	28	2196	0	1	1
17883	3	1	1	0	0	28	2196	0	1	1
17893	3	1	1	0	0	28	2196	0	1	1
17903	3	1	1	0	0	28	2196	0	1	1
17913	3	1	1	0	0	28	2196	0	1	1
17923	3	1	1	0	0	28	2196	0	1	1
17933	3	1	1	0	0	28	2196	0	1	1
17963	3	1	1	0	0	28	2196	0	1	1
17973	3	1	1	0	0	28	2196	0	1	1
17983	3	1	1	0	0	28	2196	0	1	1
17993	3	1	1	0	0	28	2196	0	1	1
18003	3	1	1	0	0	28	2196	0	1	1
18013	3	1	1	0	0	28	2196	0	1	1
18023	3	1	1	0	0	28	2196	0	1	1
18033	3	1	1	0	0	28	2196	0	1	1
18043	3	1	1	0	0	28	2196	0	1	1
18053	3	1	1	0	0	28	2196	0	1	1
18063	3	1	1	0	0	28	2196	0	1	1
18073	3	1	1	0	0	28	2196	0	1	1
18083	3	1	1	0	0	28	2196	0	1	1
18093	3	1	1	0	0	28	2196	0	1	1
18113	3	1	1	0	0	28	2196	0	1	1
18123	3	1	1	0	0	28	2196	0	1	1
18133	3	1	1	0	0	28	2196	0	1	1
18143	3	1	1	0	0	28	2196	0	1	1
18153	3	1	1	0	0	28	2196	0	1	1
18163	3	1	1	0	0	28	2196	0	1	1
18173	3	1	1	0	0	28	2196	0	1	1
18183	3	1	1	0	0	28	2196	0	1	1
18193	3	1	1	0	0	28	2196	0	1	1
18203	3	1	1	0	0	28	2196	0	1	1
18213	3	1	1	0	0	28	2196	0	1	1
18223	3	1	1	0	0	28	2196	0	1	1
18233	3	1	1	0	0	28	2196	0	1	1
18243	3	1	1	0	0	28	2196	0	1	1
18253	3	1	1	0	0	28	2196	0	1	1
18263	3	1	1	0	0	28	2196	0	1	1
18273	3	1	1	0	0	28	2196	0	1	1
18283	3	1	1	0	0	28	2196	0	1	1
18293	3	1	1	0	0	28	2196	0	1	1
18303	3	1	1	0	0	28	2196	0	1	1
18313	3	1	1	0	0	28	2196	0	1	1
18323	3	1	1	0	0	28	2196	0	1	1
18333	3	1	1	0	0	28	2196	0	1	1
18353	3	1	1	0	0	28	2196	0	1	1
18363	3	1	1	0	0	28	2196	0	1	1
18373	3	1	1	0	0	28	2196	0	1	1
18383	3	1	1	0	0	28	2196	0	1	1
18393	3	1	1	0	0	28	2196	0	1	1
18403	3	1	1	0	0	28	2196	0	1	1
18413	3	1	1	0	0	28	2196	0	1	1
18423	3	1	1	0	0	28	2196	0	1	1
18433	3	1	1	0	0	28	2196	0	1	1
18443	3	1	1	0	0	28	2196	0	1	1
18453	3	1	1	0	0	28	2196	0	1	1
18463	3	1	1	0	0	28	2196	0	1	1
18473	3	1	1	0	0	28	2196	0	1	1
18483	3	1	1	0	0	28	2196	0	1	1
18493	3	1	1	0	0	28	2196	0	1	1
18503	3	1	1	0	0	28	2196	0	1	1
18513	3	1	1	0	0	28	2196	0	1	1
18523	3	1	1	0	0	28	2196	0	1	1
18533	3	1	1	0	0	28	2196	0	1	1
18543	3	1	1	0	0	28	2196	0	1	1
18553	3	1	1	0	0	28	2196	0	1	1
18563	3	1	1	0	0	28	2196	0	1	1
18583	3	1	1	0	0	28	2196	0	1	1
18593	3	1	1	0	0	28	2196	0	1	1
18603	3	1	1	0	0	28	2196	0	1	1
18613	3	1	1	0	0	28	2196	0	1	1
18623	3	1	1	0	0	28	2196	0	1	1
18633	3	1	1	0	0	28	2196	0	1	1
18643	3	1	1	0	0	28	2196	0	1	1
18653	3	1	1	0	0	28	2196	0	1	1
18663	3	1	1	0	0	28	2196	0	1	1
18673	3	1	1	0	0	28	2196	0	1	1
18683	3	1	1	0	0	28	2196	0	1	1
18693	3	1	1	0	0	28	2196	0	1	1
18703	3	1	1	0	0	28	2196	0	1	1
18713	3	1	1	0	0	28	2196	0	1	1
18723	3	1	1	0	0	28	2196	0	1	1
18733	3	1	1	0	0	28	2196	0	1	1
18743	3	1	1	0	0	28	2196	0	1	1
18753	3	1	1	0	0	28	2196	0	1	1
18773	3	1	1	0	0	28	2196	0	1	1
18793	3	1	1	0	0	28	2196	0	1	1
18803	3	1	1	0	0	28	2196	0	1	1
18813	3	1	1	0	0	28	2196	0	1	1
18823	3	1	1	0	0	28	2196	0	1	1
18833	3	1	1	0	0	28	2196	0	1	1
18843	3	1	1	0	0	28	2196	0	1	1
18853	3	1	1	0	0	28	2196	0	1	1
18863	3	1	1	0	0	28	2196	0	1	1
18873	3	1	1	0	0	28	2196	0	1	1
18883	3	1	1	0	0	28	2196	0	1	1
18893	3	1	1	0	0	28	2196	0	1	1
18903	3	1	1	0	0	28	2196	0	1	1
18913	3	1	1	0	0	28	2196	0	1	1
18923	3	1	1	0	0	28	2196	0	1	1
18933	3	1	1	0	0	28	2196	0	1	1
18943	3	1	1	0	0	28	2196	0	1	1
18953	3	1	1	0	0	28	2196	0	1	1
18963	3	1	1	0	0	28	2196	0	1	1
18973	3	1	1	0	0	28	2196	0	1	1
18983	3	1	1	0	0	28	2196	0	1	1
19013	4	1	1	0	0	28	2196	0	1	1
19023	4	1	1	0	0	28	2196	0	1	1
19033	4	1	1	0	0	28	2196	0	1	1
19043	4	1	1	0	0	28	2196	0	1	1
19053	4	1	1	0	0	28	2196	0	1	1
19063	4	1	1	0	0	28	2196	0	1	1
19073	4	1	1	0	0	28	2196	0	1	1
19083	4	1	1	0	0	28	2196	0	1	1
19093	4	1	1	0	0	28	2196	0	1	1
19103	4	1	1	0	0	28	2196	0	1	1
19113	4	1	1	0	0	28	2196	0	1	1
19123	4	1	1	0	0	28	2196	0	1	1
19133	4	1	1	0	0	28	2196	0	1	1
19143	4	1	1	0	0	28	2196	0	1	1
19153	4	1	1	0	0	28	2196	0	1	1
19163	4	1	1	0	0	28	2196	0	1	1
19173	4	1	1	0	0	28	2196	0	1	1
19183	4	1	1	0	0	28	2196	0	1	1
19193	4	1	1	0	0	28	2196	0	1	1
19203	4	1	1	0	0	28	2196	0	1	1
19213	4	1	1	0	0	28	2196	0	1	1
19223	4	1	1	0	0	28	2196	0	1	1
19233	4	1	1	0	0	28	2196	0	1	1
19253	4	1	1	0	0	28	2196	0	1	1
19263	4	1	1	0	0	28	2196	0	1	1
19273	4	1	1	0	0	28	2196	0	1	1
19283	4	1	1	0	0	28	2196	0	1	1
19293	4	1	1	0	0	28	2196	0	1	1
19303	4	1	1	0	0	28	2196	0	1	1
19313	4	1	1	0	0	28	2196	0	1	1
19323	4	1	1	0	0	28	2196	0	1	1
19333	4	1	1	0	0	28	2196	0	1	1
19343	4	1	1	0	0	28	2196	0	1	1
19353	4	1	1	0	0	28	2196	0	1	1
19363	4	1	1	0	0	28	2196	0	1	1
19373	4	1	1	0	0	28	2196	0	1	1
19383	4	1	1	0	0	28	2196	0	1	1
19393	4	1	1	0	0	28	2196	0	1	1
19403	4	1	1	0	0	28	2196	0	1	1
19413	4	1	1	0	0	28	2196	0	1	1
19423	4	1	1	0	0	28	2196	0	1	1
19433	4	1	1	0	0	28	2196	0	1	1
19443	4	1	1	0	0	28	2196	0	1	1
19453	4	1	1	0	0	28	2196	0	1	1
19463	4	1	1	0	0	28	2196	0	1	1
19473	4	1	1	0	0	28	2196	0	1	1
19483	4	1	1	0	0	28	2196	0	1	1
19493	4	1	1	0	0	28	2196	0	1	1
19503	4	1	1	0	0	28	2196	0	1	1
19513	4	1	1	0	0	28	2196	0	1	1
19523	4	1	1	0	0	28	2196	0	1	1
19543	4	1	1	0	0	28	2196	0	1	1
19553	4	1	1	0	0	28	2196	0	1	1
19563	4	1	1	0	0	28	2196	0	1	1
19573	4	1	1	0	0	28	2196	0	1	1
19583	4	1	1	0	0	28	2196	0	1	1
19593	4	1	1	0	0	28	2196	0	1	1
19603	4	1	1	0	0	28	2196	0	1	1
19613	4	1	1	0	0	28	2196	0	1	1
19623	4	1	1	0	0	28	2196	0	1	1
19633	4	1	1	0	0	28	2196	0	1	1
19643	4	1	1	0	0	28	2196	0	1	1
19653	4	1	1	0	0	28	2196	0	1	1
19663	4	1	1	0	0	28	2196	0	1	1
19673	4	1	1	0	0	28	2196	0	1	1
19683	4	1	1	0	0	28	2196	0	1	1
19693	4	1	1	0	0	28	2196	0	1	1
19703	4	1	1	0	0	28	2196	0	1	1
19713	4	1	1	0	0	28	2196	0	1	1
19723	4	1	1	0	0	28	2196	0	1	1
19743	4	1	1	0	0	28	2196	0	1	1
19753	4	1	1	0	0	28	2196	0	1	1
19763	4	1	1	0	0	28	2196	0	1	1
19773	4	1	1	0	0	28	2196	0	1	1
19783	4	1	1	0	0	28	2196	0	1	1
19803	4	1	1	0	0	28	2196	0	1	1
19813	4	1	1	0	0	28	2196	0	1	1
19823	4	1	1	0	0	28	2196	0	1	1
19833	4	1	1	0	0	28	2196	0	1	1
19843	4	1	1	0	0	28	2196	0	1	1
19853	4	1	1	0	0	28	2196	0	1	1
19863	4	1	1	0	0	28	2196	0	1	1
19873	4	1	1	0	0	28	2196	0	1	1
19883	4	1	1	0	0	28	2196	0	1	1
19893	4	1	1	0	0	28	2196	0	1	1
19903	4	1	1	0	0	28	2196	0	1	1
19913	4	1	1	0	0	28	2196	0	1	1
19923	4	1	1	0	0	28	2196	0	1	1
19933	4	1	1	0	0	28	2196	0	1	1
19943	4	1	1	0	0	28	2196	0	1	1
19953	4	1	1	0	0	28	2196	0	1	1
19963	4	1	1	0	0	28	2196	0	1	1
19973	4	1	1	0	0	28	2196	0	1	1
19983	4	1	1	0	0	28	2196	0	1	1
19993	4	1	1	0	0	28	2196	0	1	1
20003	4	1	1	0	0	28	2196	0	1	1
20013	4	1	1	0	0	28	2196	0	1	1
20023	4	1	1	0	0	28	2196	0	1	1
20033	4	1	1	0	0	28	2196	0	1	1
20043	4	1	1	0	0	28	2196	0	1	1
20053	4	1	1	0	0	28	2196	0	1	1
20063	4	1	1	0	0	28	2196	0	1	1
20073	4	1	1	0	0	28	2196	0	1	1
20083	4	1	1	0	0	28	2196	0	1	1
20093	4	1	1	0	0	28	2196	0	1	1
20103	4	1	1	0	0	28	2196	0	1	1
20123	4	1	1	0	0	28	2196	0	1	1
20133	4	1	1	0	0	28	2196	0	1	1
20143	4	1	1	0	0	28	2196	0	1	1
20153	4	1	1	0	0	28	2196	0	1	1
20163	4	1	1	0	0	28	2196	0	1	1
20173	4	1	1	0	0	28	2196	0	1	1
20183	4	1	1	0	0	28	2196	0	1	1
20193	4	1	1	0	0	28	2196	0	1	1
20203	4	1	1	0	0	28	2196	0	1	1
20213	4	1	1	0	0	28	2196	0	1	1
20223	4	1	1	0	0	28	2196	0	1	1
20233	4	1	1	0	0	28	2196	0	1	1
20243	4	1	1	0	0	28	2196	0	1	1
20253	4	1	1	0	0	28	2196	0	1	1
20263	4	1	1	0	0	28	2196	0	1	1
20273	4	1	1	0	0	28	2196	0	1	1
20283	4	1	1	0	0	28	2196	0	1	1
20293	4	1	1	0	0	28	2196	0	1	1
20303	4	1	1	0	0	28	2196	0	1	1
20323	4	1	1	0	0	28	2196	0	1	1
20333	4	1	1	0	0	28	2196	0	1	1
20343	4	1	1	0	0	28	2196	0	1	1
20353	4	1	1	0	0	28	2196	0	1	1
20363	4	1	1	0	0	28	2196	0	1	1
20373	4	1	1	0	0	28	2196	0	1	1
20383	4	1	1	0	0	28	2196	0	1	1
20393	4	1	1	0	0	28	2196	0	1	1
20403	4	1	1	0	0	28	2196	0	1	1
20413	4	1	1	0	0	28	2196	0	1	1
20423	4	1	1	0	0	28	2196	0	1	1
20433	4	1	1	0	0	28	2196	0	1	1
20443	4	1	1	0	0	28	2196	0	1	1
20453	4	1	1	0	0	28	2196	0	1	1
20463	4	1	1	0	0	28	2196	0	1	1
20473	4	1	1	0	0	28	2196	0	1	1
20483	4	1	1	0	0	28	2196	0	1	1
20493	4	1	1	0	0	28	2196	0	1	1
20503	4	1	1	0	0	28	2196	0	1	1
20513	4	1	1	0	0	28	2196	0	1	1
20523	4	1	1	0	0	28	2196	0	1	1
20533	4	1	1	0	0	28	2196	0	1	1
20543	4	1	1	0	0	28	2196	0	1	1
20553	4	1	1	0	0	28	2196	0	1	1
20563	4	1	1	0	0	28	2196	0	1	1
20573	4	1	1	0	0	28	2196	0	1	1
20583	4	1	1	0	0	28	2196	0	1	1
20593	4	1	1	0	0	28	2196	0	1	1
20603	4	1	1	0	0	28	2196	0	1	1
20613	4	1	1	0	0	28	2196	0	1	1
20623	4	1	1	0	0	28	2196	0	1	1
20633	4	1	1	0	0	28	2196	0	1	1
20643	4	1	1	0	0	28	2196	0	1	1
20653	4	1	1	0	0	28	2196	0	1	1
20663	4	1	1	0	0	28	2196	0	1	1
20673	4	1	1	0	0	28	2196	0	1	1
20683	4	1	1	0	0	28	2196	0	1	1
20693	4	1	1	0	0	28	2196	0	1	1
20703	4	1	1	0	0	28	2196	0	1	1
20713	4	1	1	0	0	28	2196	0	1	1
20723	4	1	1	0	0	28	2196	0	1	1
20733	4	1	1	0	0	28	2196	0	1	1
20743	4	1	1	0	0	28	2196	0	1	1
20753	4	1	1	0	0	28	2196	0	1	1
20763	4	1	1	0	0	28	2196	0	1	1
20773	4	1	1	0	0	28	2196	0	1	1
20783	4	1	1	0	0	28	2196	0	1	1
20793	4	1	1	0	0	28	2196	0	1	1
20803	4	1	1	0	0	28	2196	0	1	1
20813	4	1	1	0	0	28	2196	0	1	1
20823	4	1	1	0	0	28	2196	0	1	1
20833	4	1	1	0	0	28	2196	0	1	1
20843	4	1	1	0	0	28	2196	0	1	1
20853	4	1	1	0	0	28	2196	0	1	1
20863	4	1	1	0	0	28	2196	0	1	1
20883	4	1	1	0	0	28	2196	0	1	1
20893	4	1	1	0	0	28	2196	0	1	1
20903	4	1	1	0	0	28	2196	0	1	1
20913	4	1	1	0	0	28	2196	0	1	1
20923	4	1	1	0	0	28	2196	0	1	1
20933	4	1	1	0	0	28	2196	0	1	1
20943	4	1	1	0	0	28	2196	0	1	1
20953	4	1	1	0	0	28	2196	0	1	1
20963	4	1	1	0	0	28	2196	0	1	1
20973	4	1	1	0	0	28	2196	0	1	1
20983	4	1	1	0	0	28	2196	0	1	1
20993	4	1	1	0	0	28	2196	0	1	1
21003	4	1	1	0	0	28	2196	0	1	1
21013	4	1	1	0	0	28	2196	0	1	1
21023	4	1	1	0	0	28	2196	0	1	1
21033	4	1	1	0	0	28	2196	0	1	1
21043	4	1	1	0	0	28	2196	0	1	1
21063	4	1	1	0	0	28	2196	0	1	1
21073	4	1	1	0	0	28	2196	0	1	1
21083	4	1	1	0	0	28	2196	0	1	1
21093	4	1	1	0	0	28	2196	0	1	1
21103	4	1	1	0	0	28	2196	0	1	1
21113	4	1	1	0	0	28	2196	0	1	1
21123	4	1	1	0	0	28	2196	0	1	1
21133	4	1	1	0	0	28	2196	0	1	1
21143	4	1	1	0	0	28	2196	0	1	1
21153	4	1	1	0	0	28	2196	0	1	1
21163	4	1	1	0	0	28	2196	0	1	1
21173	4	1	1	0	0	28	2196	0	1	1
21183	4	1	1	0	0	28	2196	0	1	1
21193	4	1	1	0	0	28	2196	0	1	1
21203	4	1	1	0	0	28	2196	0	1	1
21213	4	1	1	0	0	28	2196	0	1	1
21223	4	1	1	0	0	28	2196	0	1	1
21233	4	1	1	0	0	28	2196	0	1	1
21243	4	1	1	0	0	28	2196	0	1	1
21253	4	1	1	0	0	28	2196	0	1	1
21263	4	1	1	0	0	28	2196	0	1	1
21273	4	1	1	0	0	28	2196	0	1	1
21283	4	1	1	0	0	28	2196	0	1	1
21293	4	1	1	0	0	28	2196	0	1	1
21303	4	1	1	0	0	28	2196	0	1	1
21313	4	1	1	0	0	28	2196	0	1	1
21323	4	1	1	0	0	28	2196	0	1	1
21333	4	1	1	0	0	28	2196	0	1	1
21353	4	1	1	0	0	28	2196	0	1	1
21363	4	1	1	0	0	28	2196	0	1	1
21373	4	1	1	0	0	28	2196	0	1	1
21383	4	1	1	0	0	28	2196	0	1	1
21393	4	1	1	0	0	28	2196	0	1	1
21403	4	1	1	0	0	28	2196	0	1	1
21413	4	1	1	0	0	28	2196	0	1	1
21423	4	1	1	0	0	28	2196	0	1	1
21433	4	1	1	0	0	28	2196	0	1	1
21443	4	1	1	0	0	28	2196	0	1	1
21453	4	1	1	0	0	28	2196	0	1	1
21463	4	1	1	0	0	28	2196	0	1	1
21473	4	1	1	0	0	28	2196	0	1	1
21483	4	1	1	0	0	28	2196	0	1	1
21493	4	1	1	0	0	28	2196	0	1	1
21503	4	1	1	0	0	28	2196	0	1	1
21513	4	1	1	0	0	28	2196	0	1	1
21523	4	1	1	0	0	28	2196	0	1	1
21533	4	1	1	0	0	28	2196	0	1	1
21543	4	1	1	0	0	28	2196	0	1	1
21553	4	1	1	0	0	28	2196	0	1	1
21563	4	1	1	0	0	28	2196	0	1	1
21573	4	1	1	0	0	28	2196	0	1	1
21583	4	1	1	0	0	28	2196	0	1	1
21593	4	1	1	0	0	28	2196	0	1	1
21603	4	1	1	0	0	28	2196	0	1	1
21613	4	1	1	0	0	28	2196	0	1	1
21623	4	1	1	0	0	28	2196	0	1	1
21633	4	1	1	0	0	28	2196	0	1	1
21643	4	1	1	0	0	28	2196	0	1	1
21653	4	1	1	0	0	28	2196	0	1	1
21663	4	1	1	0	0	28	2196	0	1	1
21673	4	1	1	0	0	28	2196	0	1	1
21683	4	1	1	0	0	28	2196	0	1	1
21693	4	1	1	0	0	28	2196	0	1	1
21703	4	1	1	0	0	28	2196	0	1	1
21713	4	1	1	0	0	28	2196	0	1	1
21723	4	1	1	0	0	28	2196	0	1	1
21733	4	1	1	0	0	28	2196	0	1	1
21743	4	1	1	0	0	28	2196	0	1	1
21753	4	1	1	0	0	28	2196	0	1	1
21763	4	1	1	0	0	28	2196	0	1	1
21773	4	1	1	0	0	28	2196	0	1	1
21783	4	1	1	0	0	28	2196	0	1	1
21793	4	1	1	0	0	28	2196	0	1	1
21803	4	1	1	0	0	28	2196	0	1	1
21813	4	1	1	0	0	28	2196	0	1	1
21823	4	1	1	0	0	28	2196	0	1	1
21833	4	1	1	0	0	28	2196	0	1	1
21843	4	1	1	0	0	28	2196	0	1	1
21853	4	1	1	0	0	28	2196	0	1	1
21863	4	1	1	0	0	28	2196	0	1	1
21873	4	1	1	0	0	28	2196	0	1	1
21883	4	1	1	0	0	28	2196	0	1	1
21893	4	1	1	0	0	28	2196	0	1	1
21903	4	1	1	0	0	28	2196	0	1	1
21913	4	1	1	0	0	28	2196	0	1	1
21923	4	1	1	0	0	28	2196	0	1	1
21933	4	1	1	0	0	28	2196	0	1	1
21943	4	1	1	0	0	28	2196	0	1	1
21953	4	1	1	0	0	28	2196	0	1	1
21963	4	1	1	0	0	28	2196	0	1	1
21973	4	1	1	0	0	28	2196	0	1	1
21983	4	1	1	0	0	28	2196	0	1	1
21993	4	1	1	0	0	28	2196	0	1	1
22003	4	1	1	0	0	28	2196	0	1	1
22013	4	1	1	0	0	28	2196	0	1	1
22023	4	1	1	0	0	28	2196	0	1	1
22033	4	1	1	0	0	28	2196	0	1	1
22043	4	1	1	0	0	28	2196	0	1	1
22053	4	1	1	0	0	28	2196	0	1	1
22063	4	1	1	0	0	28	2196	0	1	1
22073	4	1	1	0	0	28	2196	0	1	1
22083	4	1	1	0	0	28	2196	0	1	1
22093	4	1	1	0	0	28	2196	0	1	1
22103	4	1	1	0	0	28	2196	0	1	1
22113	4	1	1	0	0	28	2196	0	1	1
22123	4	1	1	0	0	28	2196	0	1	1
22133	4	1	1	0	0	28	2196	0	1	1
22143	4	1	1	0	0	28	2196	0	1	1
22153	4	1	1	0	0	28	2196	0	1	1
22163	4	1	1	0	0	28	2196	0	1	1
22173	4	1	1	0	0	28	2196	0	1	1
22183	4	1	1	0	0	28	2196	0	1	1
22193	4	1	1	0	0	28	2196	0	1	1
22203	4	1	1	0	0	28	2196	0	1	1
22213	4	1	1	0	0	28	2196	0	1	1
22223	4	1	1	0	0	28	2196	0	1	1
22233	4	1	1	0	0	28	2196	0	1	1
22243	4	1	1	0	0	28	2196	0	1	1
22253	4	1	1	0	0	28	2196	0	1	1
22263	4	1	1	0	0	28	2196	0	1	1
22273	4	1	1	0	0	28	2196	0	1	1
22283	4	1	1	0	0	28	2196	0	1	1
22293	4	1	1	0	0	28	2196	0	1	1
22303	4	1	1	0	0	28	2196	0	1	1
22313	4	1	1	0	0	28	2196	0	1	1
22323	4	1	1	0	0	28	2196	0	1	1
22333	4	1	1	0	0	28	2196	0	1	1
22343	4	1	1	0	0	28	2196	0	1	1
22353	4	1	1	0	0	28	2196	0	1	1
22363	4	1	1	0	0	28	2196	0	1	1
22373	4	1	1	0	0	28	2196	0	1	1
22383	4	1	1	0	0	28	2196	0	1	1
22403	4	1	1	0	0	28	2196	0	1	1
22413	4	1	1	0	0	28	2196	0	1	1
22423	4	1	1	0	0	28	2196	0	1	1
22433	4	1	1	0	0	28	2196	0	1	1
22443	4	1	1	0	0	28	2196	0	1	1
22453	4	1	1	0	0	28	2196	0	1	1
22463	4	1	1	0	0	28	2196	0	1	1
22473	4	1	1	0	0	28	2196	0	1	1
22483	4	1	1	0	0	28	2196	0	1	1
22493	4	1	1	0	0	28	2196	0	1	1
22503	4	1	1	0	0	28	2196	0	1	1
22513	4	1	1	0	0	28	2196	0	1	1
22523	4	1	1	0	0	28	2196	0	1	1
22533	4	1	1	0	0	28	2196	0	1	1
22543	4	1	1	0	0	28	2196	0	1	1
22553	4	1	1	0	0	28	2196	0	1	1
22563	4	1	1	0	0	28	2196	0	1	1
22573	4	1	1	0	0	28	2196	0	1	1
22583	4	1	1	0	0	28	2196	0	1	1
22593	4	1	1	0	0	28	2196	0	1	1
22603	4	1	1	0	0	28	2196	0	1	1
22613	4	1	1	0	0	28	2196	0	1	1
22633	4	1	1	0	0	28	2196	0	1	1
22643	4	1	1	0	0	28	2196	0	1	1
22653	4	1	1	0	0	28	2196	0	1	1
22663	4	1	1	0	0	28	2196	0	1	1
22673	4	1	1	0	0	28	2196	0	1	1
22683	4	1	1	0	0	28	2196	0	1	1
22693	4	1	1	0	0	28	2196	0	1	1
22703	4	1	1	0	0	28	2196	0	1	1
22713	4	1	1	0	0	28	2196	0	1	1
22723	4	1	1	0	0	28	2196	0	1	1
22733	4	1	1	0	0	28	2196	0	1	1
22743	4	1	1	0	0	28	2196	0	1	1
22753	4	1	1	0	0	28	2196	0	1	1
22763	4	1	1	0	0	28	2196	0	1	1
22773	4	1	1	0	0	28	2196	0	1	1
22783	4	1	1	0	0	28	2196	0	1	1
22793	4	1	1	0	0	28	2196	0	1	1
22803	4	1	1	0	0	28	2196	0	1	1
22813	4	1	1	0	0	28	2196	0	1	1
22823	4	1	1	0	0	28	2196	0	1	1
22833	4	1	1	0	0	28	2196	0	1	1
22843	4	1	1	0	0	28	2196	0	1	1
22853	4	1	1	0	0	28	2196	0	1	1
22863	4	1	1	0	0	28	2196	0	1	1
22873	4	1	1	0	0	28	2196	0	1	1
22883	4	1	1	0	0	28	2196	0	1	1
22893	4	1	1	0	0	28	2196	0	1	1
22903	4	1	1	0	0	28	2196	0	1	1
22913	4	1	1	0	0	28	2196	0	1	1
22923	4	1	1	0	0	28	2196	0	1	1
22933	4	1	1	0	0	28	2196	0	1	1
22943	4	1	1	0	0	28	2196	0	1	1
22953	4	1	1	0	0	28	2196	0	1	1
22963	4	1	1	0	0	28	2196	0	1	1
22973	4	1	1	0	0	28	2196	0	1	1
22983	4	1	1	0	0	28	2196	0	1	1
22993	4	1	1	0	0	28	2196	0	1	1
23003	4	1	1	0	0	28	2196	0	1	1
23013	4	1	1	0	0	28	2196	0	1	1
23023	4	1	1	0	0	28	2196	0	1	1
23033	4	1	1	0	0	28	2196	0	1	1
23043	4	1	1	0	0	28	2196	0	1	1
23053	4	1	1	0	0	28	2196	0	1	1
23063	4	1	1	0	0	28	2196	0	1	1
23083	4	1	1	0	0	28	2196	0	1	1
23093	4	1	1	0	0	28	2196	0	1	1
23103	4	1	1	0	0	28	2196	0	1	1
23113	4	1	1	0	0	28	2196	0	1	1
23123	4	1	1	0	0	28	2196	0	1	1
23133	4	1	1	0	0	28	2196	0	1	1
23143	4	1	1	0	0	28	2196	0	1	1
23153	4	1	1	0	0	28	2196	0	1	1
23163	4	1	1	0	0	28	2196	0	1	1
23173	4	1	1	0	0	28	2196	0	1	1
23183	4	1	1	0	0	28	2196	0	1	1
23193	4	1	1	0	0	28	2196	0	1	1
23203	4	1	1	0	0	28	2196	0	1	1
23213	4	1	1	0	0	28	2196	0	1	1
23223	4	1	1	0	0	28	2196	0	1	1
23233	4	1	1	0	0	28	2196	0	1	1
23243	4	1	1	0	0	28	2196	0	1	1
23263	4	1	1	0	0	28	2196	0	1	1
23273	4	1	1	0	0	28	2196	0	1	1
23283	4	1	1	0	0	28	2196	0	1	1
23293	4	1	1	0	0	28	2196	0	1	1
23303	4	1	1	0	0	28	2196	0	1	1
23313	4	1	1	0	0	28	2196	0	1	1
23323	4	1	1	0	0	28	2196	0	1	1
23333	4	1	1	0	0	28	2196	0	1	1
23343	4	1	1	0	0	28	2196	0	1	1
23353	4	1	1	0	0	28	2196	0	1	1
23363	4	1	1	0	0	28	2196	0	1	1
23373	4	1	1	0	0	28	2196	0	1	1
23383	4	1	1	0	0	28	2196	0	1	1
23393	4	1	1	0	0	28	2196	0	1	1
23413	4	1	1	0	0	28	2196	0	1	1
23423	4	1	1	0	0	28	2196	0	1	1
23433	4	1	1	0	0	28	2196	0	1	1
23443	4	1	1	0	0	28	2196	0	1	1
23453	4	1	1	0	0	28	2196	0	1	1
23463	4	1	1	0	0	28	2196	0	1	1
23473	4	1	1	0	0	28	2196	0	1	1
23483	4	1	1	0	0	28	2196	0	1	1
23493	4	1	1	0	0	28	2196	0	1	1
23503	4	1	1	0	0	28	2196	0	1	1
23513	4	1	1	0	0	28	2196	0	1	1
23523	4	1	1	0	0	28	2196	0	1	1
23533	4	1	1	0	0	28	2196	0	1	1
23543	4	1	1	0	0	28	2196	0	1	1
23553	4	1	1	0	0	28	2196	0	1	1
23563	4	1	1	0	0	28	2196	0	1	1
23573	4	1	1	0	0	28	2196	0	1	1
23583	4	1	1	0	0	28	2196	0	1	1
23593	4	1	1	0	0	28	2196	0	1	1
23603	4	1	1	0	0	28	2196	0	1	1
23613	4	1	1	0	0	28	2196	0	1	1
23623	4	1	1	0	0	28	2196	0	1	1
23633	4	1	1	0	0	28	2196	0	1	1
23643	4	1	1	0	0	28	2196	0	1	1
23653	4	1	1	0	0	28	2196	0	1	1
23663	4	1	1	0	0	28	2196	0	1	1
23673	4	1	1	0	0	28	2196	0	1	1
23683	4	1	1	0	0	28	2196	0	1	1
23693	4	1	1	0	0	28	2196	0	1	1
23713	4	1	1	0	0	28	2196	0	1	1
23723	4	1	1	0	0	28	2196	0	1	1
23733	4	1	1	0	0	28	2196	0	1	1
23743	4	1	1	0	0	28	2196	0	1	1
23753	4	1	1	0	0	28	2196	0	1	1
23763	4	1	1	0	0	28	2196	0	1	1
23773	4	1	1	0	0	28	2196	0	1	1
23783	4	1	1	0	0	28	2196	0	1	1
23793	4	1	1	0	0	28	2196	0	1	1
23803	4	1	1	0	0	28	2196	0	1	1
23813	4	1	1	0	0	28	2196	0	1	1
23823	4	1	1	0	0	28	2196	0	1	1
23833	4	1	1	0	0	28	2196	0	1	1
23843	4	1	1	0	0	28	2196	0	1	1
23853	4	1	1	0	0	28	2196	0	1	1
23863	4	1	1	0	0	28	2196	0	1	1
23873	4	1	1	0	0	28	2196	0	1	1
23883	4	1	1	0	0	28	2196	0	1	1
23893	4	1	1	0	0	28	2196	0	1	1
23903	4	1	1	0	0	28	2196	0	1	1
23913	4	1	1	0	0	28	2196	0	1	1
23923	4	1	1	0	0	28	2196	0	1	1
23933	4	1	1	0	0	28	2196	0	1	1
23943	4	1	1	0	0	28	2196	0	1	1
23953	4	1	1	0	0	28	2196	0	1	1
23963	4	1	1	0	0	28	2196	0	1	1
23973	4	1	1	0	0	28	2196	0	1	1
23983	4	1	1	0	0	28	2196	0	1	1
23993	4	1	1	0	0	28	2196	0	1	1
24003	4	1	1	0	0	28	2196	0	1	1
24013	4	1	1	0	0	28	2196	0	1	1
24023	4	1	1	0	0	28	2196	0	1	1
24033	4	1	1	0	0	28	2196	0	1	1
24043	4	1	1	0	0	28	2196	0	1	1
24053	4	1	1	0	0	28	2196	0	1	1
24063	4	1	1	0	0	28	2196	0	1	1
24073	4	1	1	0	0	28	2196	0	1	1
24083	4	1	1	0	0	28	2196	0	1	1
24093	4	1	1	0	0	28	2196	0	1	1
24103	4	1	1	0	0	28	2196	0	1	1
24113	4	1	1	0	0	28	2196	0	1	1
24123	4	1	1	0	0	28	2196	0	1	1
24133	4	1	1	0	0	28	2196	0	1	1
24143	4	1	1	0	0	28	2196	0	1	1
24153	4	1	1	0	0	28	2196	0	1	1
24163	4	1	1	0	0	28	2196	0	1	1
24173	4	1	1	0	0	28	2196	0	1	1
24183	4	1	1	0	0	28	2196	0	1	1
24193	4	1	1	0	0	28	2196	0	1	1
24203	4	1	1	0	0	28	2196	0	1	1
24223	4	1	1	0	0	28	2196	0	1	1
24233	4	1	1	0	0	28	2196	0	1	1
24243	4	1	1	0	0	28	2196	0	1	1
24253	4	1	1	0	0	28	2196	0	1	1
24263	4	1	1	0	0	28	2196	0	1	1
24273	4	1	1	0	0	28	2196	0	1	1
24283	4	1	1	0	0	28	2196	0	1	1
24303	4	1	1	0	0	28	2196	0	1	1
24313	4	1	1	0	0	28	2196	0	1	1
24323	4	1	1	0	0	28	2196	0	1	1
24333	4	1	1	0	0	28	2196	0	1	1
24343	4	1	1	0	0	28	2196	0	1	1
24353	4	1	1	0	0	28	2196	0	1	1
24363	4	1	1	0	0	28	2196	0	1	1
24373	4	1	1	0	0	28	2196	0	1	1
24383	4	1	1	0	0	28	2196	0	1	1
24393	4	1	1	0	0	28	2196	0	1	1
24413	4	1	1	0	0	28	2196	0	1	1
24423	4	1	1	0	0	28	2196	0	1	1
24433	4	1	1	0	0	28	2196	0	1	1
24443	4	1	1	0	0	28	2196	0	1	1
24453	4	1	1	0	0	28	2196	0	1	1
24463	4	1	1	0	0	28	2196	0	1	1
24473	4	1	1	0	0	28	2196	0	1	1
24483	4	1	1	0	0	28	2196	0	1	1
24493	4	1	1	0	0	28	2196	0	1	1
24503	4	1	1	0	0	28	2196	0	1	1
24513	4	1	1	0	0	28	2196	0	1	1
24523	4	1	1	0	0	28	2196	0	1	1
24533	4	1	1	0	0	28	2196	0	1	1
24543	4	1	1	0	0	28	2196	0	1	1
24553	4	1	1	0	0	28	2196	0	1	1
24563	4	1	1	0	0	28	2196	0	1	1
24573	4	1	1	0	0	28	2196	0	1	1
24583	4	1	1	0	0	28	2196	0	1	1
24593	4	1	1	0	0	28	2196	0	1	1
24603	4	1	1	0	0	28	2196	0	1	1
24613	4	1	1	0	0	28	2196	0	1	1
24623	4	1	1	0	0	28	2196	0	1	1
24633	4	1	1	0	0	28	2196	0	1	1
24643	4	1	1	0	0	28	2196	0	1	1
24653	4	1	1	0	0	28	2196	0	1	1
24663	4	1	1	0	0	28	2196	0	1	1
24673	4	1	1	0	0	28	2196	0	1	1
24683	4	1	1	0	0	28	2196	0	1	1
24693	4	1	1	0	0	28	2196	0	1	1
24703	4	1	1	0	0	28	2196	0	1	1
24713	4	1	1	0	0	28	2196	0	1	1
24723	4	1	1	0	0	28	2196	0	1	1
24733	4	1	1	0	0	28	2196	0	1	1
24743	4	1	1	0	0	28	2196	0	1	1
24753	4	1	1	0	0	28	2196	0	1	1
24763	4	1	1	0	0	28	2196	0	1	1
24773	4	1	1	0	0	28	2196	0	1	1
24783	4	1	1	0	0	28	2196	0	1	1
24793	4	1	1	0	0	28	2196	0	1	1
24803	4	1	1	0	0	28	2196	0	1	1
24813	4	1	1	0	0	28	2196	0	1	1
24823	4	1	1	0	0	28	2196	0	1	1
24833	4	1	1	0	0	28	2196	0	1	1
24843	4	1	1	0	0	28	2196	0	1	1
24853	4	1	1	0	0	28	2196	0	1	1
24863	4	1	1	0	0	28	2196	0	1	1
24873	4	1	1	0	0	28	2196	0	1	1
24883	4	1	1	0	0	28	2196	0	1	1
24893	4	1	1	0	0	28	2196	0	1	1
24903	4	1	1	0	0	28	2196	0	1	1
24913	4	1	1	0	0	28	2196	0	1	1
24923	4	1	1	0	0	28	2196	0	1	1
24933	4	1	1	0	0	28	2196	0	1	1
24943	4	1	1	0	0	28	2196	0	1	1
24953	4	1	1	0	0	28	2196	0	1	1
24963	4	1	1	0	0	28	2196	0	1	1
24973	4	1	1	0	0	28	2196	0	1	1
24983	4	1	1	0	0	28	2196	0	1	1
24993	4	1	1	0	0	28	2196	0	1	1
