% time	cellId	IMSI	frame	sframe	RNTI	mcs	size
0.035	1	1	4	6	1	0	85
0.036	1	1	4	7	1	0	85
0.037	1	1	4	8	1	0	85
0.038	1	1	4	9	1	0	85
0.039	1	1	4	10	1	0	85
0.04	1	1	5	1	1	0	85
0.041	1	1	5	2	1	28	2292
0.045	1	1	5	6	1	28	2292
0.055	1	1	6	6	1	28	2292
0.065	1	1	7	6	1	28	2292
0.075	1	1	8	6	1	28	2292
0.085	1	1	9	6	1	28	2292
0.095	1	1	10	6	1	28	2292
0.105	1	1	11	6	1	28	2292
0.115	1	1	12	6	1	28	2292
0.125	1	1	13	6	1	28	2292
0.135	1	1	14	6	1	28	2292
0.145	1	1	15	6	1	28	2292
0.155	1	1	16	6	1	28	2292
0.165	1	1	17	6	1	28	2292
0.175	1	1	18	6	1	28	2292
0.185	1	1	19	6	1	28	2292
0.195	1	1	20	6	1	28	2292
0.205	1	1	21	6	1	28	2292
0.215	1	1	22	6	1	28	2292
0.225	1	1	23	6	1	28	2292
0.235	1	1	24	6	1	28	2292
0.245	1	1	25	6	1	28	2292
0.255	1	1	26	6	1	28	2292
0.265	1	1	27	6	1	28	2292
0.275	1	1	28	6	1	28	2292
0.285	1	1	29	6	1	28	2292
0.295	1	1	30	6	1	28	2292
0.305	1	1	31	6	1	28	2292
0.315	1	1	32	6	1	28	2292
0.325	1	1	33	6	1	28	2292
0.335	1	1	34	6	1	28	2292
0.345	1	1	35	6	1	28	2292
0.355	1	1	36	6	1	28	2292
0.365	1	1	37	6	1	28	2292
0.375	1	1	38	6	1	28	2292
0.385	1	1	39	6	1	28	2292
0.395	1	1	40	6	1	28	2292
0.405	1	1	41	6	1	28	2292
0.415	1	1	42	6	1	28	2292
0.425	1	1	43	6	1	28	2292
0.435	1	1	44	6	1	28	2292
0.445	1	1	45	6	1	28	2292
0.455	1	1	46	6	1	28	2292
0.465	1	1	47	6	1	28	2292
0.475	1	1	48	6	1	28	2292
0.485	1	1	49	6	1	28	2292
0.495	1	1	50	6	1	28	2292
0.505	1	1	51	6	1	28	2292
0.515	1	1	52	6	1	28	2292
0.525	1	1	53	6	1	28	2292
0.535	1	1	54	6	1	28	2292
0.545	1	1	55	6	1	28	2292
0.555	1	1	56	6	1	28	2292
0.565	1	1	57	6	1	28	2292
0.575	1	1	58	6	1	28	2292
0.585	1	1	59	6	1	28	2292
0.595	1	1	60	6	1	28	2292
0.605	1	1	61	6	1	28	2292
0.615	1	1	62	6	1	28	2292
0.625	1	1	63	6	1	28	2292
0.635	1	1	64	6	1	28	2292
0.645	1	1	65	6	1	28	2292
0.655	1	1	66	6	1	28	2292
0.665	1	1	67	6	1	28	2292
0.675	1	1	68	6	1	28	2292
0.685	1	1	69	6	1	28	2292
0.695	1	1	70	6	1	28	2292
0.705	1	1	71	6	1	28	2292
0.715	1	1	72	6	1	28	2292
0.725	1	1	73	6	1	28	2292
0.735	1	1	74	6	1	28	2292
0.745	1	1	75	6	1	28	2292
0.755	1	1	76	6	1	28	2292
0.765	1	1	77	6	1	28	2292
0.775	1	1	78	6	1	28	2292
0.785	1	1	79	6	1	28	2292
0.795	1	1	80	6	1	28	2292
0.805	1	1	81	6	1	28	2292
0.815	1	1	82	6	1	28	2292
0.825	1	1	83	6	1	28	2292
0.835	1	1	84	6	1	28	2292
0.845	1	1	85	6	1	28	2292
0.855	1	1	86	6	1	28	2292
0.865	1	1	87	6	1	28	2292
0.875	1	1	88	6	1	28	2292
0.885	1	1	89	6	1	28	2292
0.895	1	1	90	6	1	28	2292
0.905	1	1	91	6	1	28	2292
0.915	1	1	92	6	1	28	2292
0.925	1	1	93	6	1	28	2292
0.935	1	1	94	6	1	28	2292
0.945	1	1	95	6	1	28	2292
0.955	1	1	96	6	1	28	2292
0.965	1	1	97	6	1	28	2292
0.975	1	1	98	6	1	28	2292
0.985	1	1	99	6	1	28	2292
0.995	1	1	100	6	1	28	2292
1.005	1	1	101	6	1	28	2292
1.015	1	1	102	6	1	28	2292
1.025	1	1	103	6	1	28	2292
1.035	1	1	104	6	1	28	2292
1.045	1	1	105	6	1	28	2292
1.055	1	1	106	6	1	28	2292
1.065	1	1	107	6	1	28	2292
1.075	1	1	108	6	1	28	2292
1.085	1	1	109	6	1	28	2292
1.095	1	1	110	6	1	28	2292
1.105	1	1	111	6	1	28	2292
1.115	1	1	112	6	1	28	2292
1.125	1	1	113	6	1	28	2292
1.135	1	1	114	6	1	28	2292
1.145	1	1	115	6	1	28	2292
1.155	1	1	116	6	1	28	2292
1.165	1	1	117	6	1	28	2292
1.175	1	1	118	6	1	28	2292
1.185	1	1	119	6	1	28	2292
1.195	1	1	120	6	1	28	2292
1.205	1	1	121	6	1	28	2292
1.215	1	1	122	6	1	28	2292
1.225	1	1	123	6	1	28	2292
1.235	1	1	124	6	1	28	2292
1.245	1	1	125	6	1	28	2292
1.255	1	1	126	6	1	28	2292
1.265	1	1	127	6	1	28	2292
1.275	1	1	128	6	1	28	2292
1.285	1	1	129	6	1	28	2292
1.295	1	1	130	6	1	28	2292
1.305	1	1	131	6	1	28	2292
1.315	1	1	132	6	1	28	2292
1.325	1	1	133	6	1	28	2292
1.335	1	1	134	6	1	28	2292
1.345	1	1	135	6	1	28	2292
1.355	1	1	136	6	1	28	2292
1.365	1	1	137	6	1	28	2292
1.375	1	1	138	6	1	28	2292
1.385	1	1	139	6	1	28	2292
1.395	1	1	140	6	1	28	2292
1.405	1	1	141	6	1	28	2292
1.415	1	1	142	6	1	28	2292
1.425	1	1	143	6	1	28	2292
1.435	1	1	144	6	1	28	2292
1.445	1	1	145	6	1	28	2292
1.455	1	1	146	6	1	28	2292
1.465	1	1	147	6	1	28	2292
1.475	1	1	148	6	1	28	2292
1.485	1	1	149	6	1	28	2292
1.495	1	1	150	6	1	28	2292
1.505	1	1	151	6	1	28	2292
1.515	1	1	152	6	1	28	2292
1.525	1	1	153	6	1	28	2292
1.535	1	1	154	6	1	28	2292
1.545	1	1	155	6	1	28	2292
1.555	1	1	156	6	1	28	2292
1.565	1	1	157	6	1	28	2292
1.575	1	1	158	6	1	28	2292
1.585	1	1	159	6	1	28	2292
1.595	1	1	160	6	1	28	2292
1.605	1	1	161	6	1	28	2292
1.615	1	1	162	6	1	28	2292
1.625	1	1	163	6	1	28	2292
1.635	1	1	164	6	1	28	2292
1.645	1	1	165	6	1	28	2292
1.655	1	1	166	6	1	28	2292
1.665	1	1	167	6	1	28	2292
1.675	1	1	168	6	1	28	2292
1.685	1	1	169	6	1	28	2292
1.695	1	1	170	6	1	28	2292
1.705	1	1	171	6	1	28	2292
1.715	1	1	172	6	1	28	2292
1.725	1	1	173	6	1	28	2292
1.735	1	1	174	6	1	28	2292
1.745	1	1	175	6	1	28	2292
1.755	1	1	176	6	1	28	2292
1.765	1	1	177	6	1	28	2292
1.775	1	1	178	6	1	28	2292
1.785	1	1	179	6	1	28	2292
1.795	1	1	180	6	1	28	2292
1.805	1	1	181	6	1	28	2292
1.815	1	1	182	6	1	28	2292
1.825	1	1	183	6	1	28	2292
1.835	1	1	184	6	1	28	2292
1.845	1	1	185	6	1	28	2292
1.855	1	1	186	6	1	28	2292
1.865	1	1	187	6	1	28	2292
1.875	1	1	188	6	1	28	2292
1.885	1	1	189	6	1	28	2292
1.895	1	1	190	6	1	28	2292
1.905	1	1	191	6	1	28	2292
1.915	1	1	192	6	1	28	2292
1.925	1	1	193	6	1	28	2292
1.935	1	1	194	6	1	28	2292
1.945	1	1	195	6	1	28	2292
1.955	1	1	196	6	1	28	2292
1.965	1	1	197	6	1	28	2292
1.975	1	1	198	6	1	28	2292
1.985	1	1	199	6	1	28	2292
1.995	1	1	200	6	1	28	2292
2.005	1	1	201	6	1	28	2292
2.015	1	1	202	6	1	28	2292
2.025	1	1	203	6	1	28	2292
2.035	1	1	204	6	1	28	2292
2.045	1	1	205	6	1	28	2292
2.055	1	1	206	6	1	28	2292
2.065	1	1	207	6	1	28	2292
2.075	1	1	208	6	1	28	2292
2.085	1	1	209	6	1	28	2292
2.095	1	1	210	6	1	28	2292
2.105	1	1	211	6	1	28	2292
2.115	1	1	212	6	1	28	2292
2.125	1	1	213	6	1	28	2292
2.135	1	1	214	6	1	28	2292
2.136	1	1	214	7	1	28	2292
2.145	1	1	215	6	1	28	2292
2.155	1	1	216	6	1	28	2292
2.165	1	1	217	6	1	28	2292
2.175	1	1	218	6	1	28	2292
2.185	1	1	219	6	1	28	2292
2.195	1	1	220	6	1	28	2292
2.205	1	1	221	6	1	28	2292
2.215	1	1	222	6	1	28	2292
2.225	1	1	223	6	1	28	2292
2.235	1	1	224	6	1	28	2292
2.245	1	1	225	6	1	28	2292
2.255	1	1	226	6	1	28	2292
2.265	1	1	227	6	1	28	2292
2.275	1	1	228	6	1	28	2292
2.285	1	1	229	6	1	28	2292
2.295	1	1	230	6	1	28	2292
2.305	1	1	231	6	1	28	2292
2.315	1	1	232	6	1	28	2292
2.325	1	1	233	6	1	28	2292
2.335	1	1	234	6	1	28	2292
2.345	1	1	235	6	1	28	2292
2.355	1	1	236	6	1	28	2292
2.365	1	1	237	6	1	28	2292
2.375	1	1	238	6	1	28	2292
2.385	1	1	239	6	1	28	2292
2.395	1	1	240	6	1	28	2292
2.405	1	1	241	6	1	28	2292
2.415	1	1	242	6	1	28	2292
2.425	1	1	243	6	1	28	2292
2.435	1	1	244	6	1	28	2292
2.445	1	1	245	6	1	28	2292
2.455	1	1	246	6	1	28	2292
2.465	1	1	247	6	1	28	2292
2.475	1	1	248	6	1	28	2292
2.485	1	1	249	6	1	28	2292
2.495	1	1	250	6	1	28	2292
2.505	1	1	251	6	1	28	2292
2.515	1	1	252	6	1	28	2292
2.525	1	1	253	6	1	28	2292
2.535	1	1	254	6	1	28	2292
2.545	1	1	255	6	1	28	2292
2.555	1	1	256	6	1	28	2292
2.565	1	1	257	6	1	28	2292
2.575	1	1	258	6	1	28	2292
2.585	1	1	259	6	1	28	2292
2.595	1	1	260	6	1	28	2292
2.605	1	1	261	6	1	28	2292
2.615	1	1	262	6	1	28	2292
2.625	1	1	263	6	1	28	2292
2.635	1	1	264	6	1	28	2292
2.645	1	1	265	6	1	28	2292
2.655	1	1	266	6	1	28	2292
2.665	1	1	267	6	1	28	2292
2.675	1	1	268	6	1	28	2292
2.685	1	1	269	6	1	28	2292
2.695	1	1	270	6	1	28	2292
2.705	1	1	271	6	1	28	2292
2.715	1	1	272	6	1	28	2292
2.725	1	1	273	6	1	28	2292
2.735	1	1	274	6	1	28	2292
2.745	1	1	275	6	1	28	2292
2.755	1	1	276	6	1	28	2292
2.765	1	1	277	6	1	28	2292
2.775	1	1	278	6	1	28	2292
2.785	1	1	279	6	1	28	2292
2.795	1	1	280	6	1	28	2292
2.805	1	1	281	6	1	28	2292
2.815	1	1	282	6	1	28	2292
2.825	1	1	283	6	1	28	2292
2.835	1	1	284	6	1	28	2292
2.845	1	1	285	6	1	28	2292
2.855	1	1	286	6	1	28	2292
2.865	1	1	287	6	1	28	2292
2.875	1	1	288	6	1	28	2292
2.885	1	1	289	6	1	28	2292
2.895	1	1	290	6	1	28	2292
2.905	1	1	291	6	1	28	2292
2.915	1	1	292	6	1	28	2292
2.925	1	1	293	6	1	28	2292
2.935	1	1	294	6	1	28	2292
2.945	1	1	295	6	1	28	2292
2.955	1	1	296	6	1	28	2292
2.965	1	1	297	6	1	28	2292
2.975	1	1	298	6	1	28	2292
2.985	1	1	299	6	1	28	2292
2.995	1	1	300	6	1	28	2292
3.005	1	1	301	6	1	28	2292
3.015	1	1	302	6	1	28	2292
3.025	1	1	303	6	1	28	2292
3.035	1	1	304	6	1	28	2292
3.045	1	1	305	6	1	28	2292
3.055	1	1	306	6	1	28	2292
3.065	1	1	307	6	1	28	2292
3.075	1	1	308	6	1	28	2292
3.085	1	1	309	6	1	28	2292
3.095	1	1	310	6	1	28	2292
3.105	1	1	311	6	1	28	2292
3.115	1	1	312	6	1	28	2292
3.125	1	1	313	6	1	28	2292
3.135	1	1	314	6	1	28	2292
3.145	1	1	315	6	1	28	2292
3.155	1	1	316	6	1	28	2292
3.165	1	1	317	6	1	28	2292
3.175	1	1	318	6	1	28	2292
3.185	1	1	319	6	1	28	2292
3.195	1	1	320	6	1	28	2292
3.205	1	1	321	6	1	28	2292
3.215	1	1	322	6	1	28	2292
3.225	1	1	323	6	1	28	2292
3.235	1	1	324	6	1	28	2292
3.245	1	1	325	6	1	28	2292
3.255	1	1	326	6	1	28	2292
3.265	1	1	327	6	1	28	2292
3.275	1	1	328	6	1	28	2292
3.285	1	1	329	6	1	28	2292
3.295	1	1	330	6	1	28	2292
3.305	1	1	331	6	1	28	2292
3.315	1	1	332	6	1	28	2292
3.325	1	1	333	6	1	28	2292
3.335	1	1	334	6	1	28	2292
3.345	1	1	335	6	1	28	2292
3.355	1	1	336	6	1	28	2292
3.365	1	1	337	6	1	28	2292
3.375	1	1	338	6	1	28	2292
3.385	1	1	339	6	1	28	2292
3.395	1	1	340	6	1	28	2292
3.405	1	1	341	6	1	28	2292
3.415	1	1	342	6	1	28	2292
3.425	1	1	343	6	1	28	2292
3.435	1	1	344	6	1	28	2292
3.445	1	1	345	6	1	28	2292
3.455	1	1	346	6	1	28	2292
3.465	1	1	347	6	1	28	2292
3.475	1	1	348	6	1	28	2292
3.485	1	1	349	6	1	28	2292
3.495	1	1	350	6	1	28	2292
3.505	1	1	351	6	1	28	2292
3.515	1	1	352	6	1	28	2292
3.525	1	1	353	6	1	28	2292
3.535	1	1	354	6	1	28	2292
3.545	1	1	355	6	1	28	2292
3.555	1	1	356	6	1	28	2292
3.565	1	1	357	6	1	28	2292
3.575	1	1	358	6	1	28	2292
3.585	1	1	359	6	1	28	2292
3.595	1	1	360	6	1	28	2292
3.605	1	1	361	6	1	28	2292
3.615	1	1	362	6	1	28	2292
3.625	1	1	363	6	1	28	2292
3.635	1	1	364	6	1	28	2292
3.645	1	1	365	6	1	28	2292
3.655	1	1	366	6	1	28	2292
3.665	1	1	367	6	1	28	2292
3.675	1	1	368	6	1	28	2292
3.685	1	1	369	6	1	28	2292
3.695	1	1	370	6	1	28	2292
3.705	1	1	371	6	1	28	2292
3.715	1	1	372	6	1	28	2292
3.725	1	1	373	6	1	28	2292
3.735	1	1	374	6	1	28	2292
3.745	1	1	375	6	1	28	2292
3.755	1	1	376	6	1	28	2292
3.765	1	1	377	6	1	28	2292
3.775	1	1	378	6	1	28	2292
3.785	1	1	379	6	1	28	2292
3.795	1	1	380	6	1	28	2292
3.805	1	1	381	6	1	28	2292
3.815	1	1	382	6	1	28	2292
3.825	1	1	383	6	1	28	2292
3.835	1	1	384	6	1	28	2292
3.845	1	1	385	6	1	28	2292
3.855	1	1	386	6	1	28	2292
3.865	1	1	387	6	1	28	2292
3.875	1	1	388	6	1	28	2292
3.885	1	1	389	6	1	28	2292
3.895	1	1	390	6	1	28	2292
3.905	1	1	391	6	1	28	2292
3.915	1	1	392	6	1	28	2292
3.925	1	1	393	6	1	28	2292
3.935	1	1	394	6	1	28	2292
3.945	1	1	395	6	1	28	2292
3.955	1	1	396	6	1	28	2292
3.965	1	1	397	6	1	28	2292
3.975	1	1	398	6	1	28	2292
3.985	1	1	399	6	1	28	2292
3.995	1	1	400	6	1	28	2292
4.005	1	1	401	6	1	28	2292
4.015	1	1	402	6	1	28	2292
4.025	1	1	403	6	1	28	2292
4.035	1	1	404	6	1	28	2292
4.045	1	1	405	6	1	28	2292
4.055	1	1	406	6	1	28	2292
4.065	1	1	407	6	1	28	2292
4.075	1	1	408	6	1	28	2292
4.085	1	1	409	6	1	28	2292
4.095	1	1	410	6	1	28	2292
4.105	1	1	411	6	1	28	2292
4.115	1	1	412	6	1	28	2292
4.125	1	1	413	6	1	28	2292
4.135	1	1	414	6	1	28	2292
4.145	1	1	415	6	1	28	2292
4.155	1	1	416	6	1	28	2292
4.165	1	1	417	6	1	28	2292
4.175	1	1	418	6	1	28	2292
4.185	1	1	419	6	1	28	2292
4.195	1	1	420	6	1	28	2292
4.205	1	1	421	6	1	28	2292
4.215	1	1	422	6	1	28	2292
4.225	1	1	423	6	1	28	2292
4.235	1	1	424	6	1	28	2292
4.245	1	1	425	6	1	28	2292
4.255	1	1	426	6	1	28	2292
4.265	1	1	427	6	1	28	2292
4.275	1	1	428	6	1	28	2292
4.285	1	1	429	6	1	28	2292
4.295	1	1	430	6	1	28	2292
4.305	1	1	431	6	1	28	2292
4.315	1	1	432	6	1	28	2292
4.325	1	1	433	6	1	28	2292
4.335	1	1	434	6	1	28	2292
4.345	1	1	435	6	1	28	2292
4.355	1	1	436	6	1	28	2292
4.365	1	1	437	6	1	28	2292
4.375	1	1	438	6	1	28	2292
4.385	1	1	439	6	1	28	2292
4.395	1	1	440	6	1	28	2292
4.405	1	1	441	6	1	28	2292
4.415	1	1	442	6	1	28	2292
4.425	1	1	443	6	1	28	2292
4.435	1	1	444	6	1	28	2292
4.445	1	1	445	6	1	28	2292
4.455	1	1	446	6	1	28	2292
4.465	1	1	447	6	1	28	2292
4.475	1	1	448	6	1	28	2292
4.485	1	1	449	6	1	28	2292
4.495	1	1	450	6	1	28	2292
4.505	1	1	451	6	1	28	2292
4.515	1	1	452	6	1	28	2292
4.525	1	1	453	6	1	28	2292
4.535	1	1	454	6	1	28	2292
4.545	1	1	455	6	1	28	2292
4.555	1	1	456	6	1	28	2292
4.565	1	1	457	6	1	28	2292
4.575	1	1	458	6	1	28	2292
4.585	1	1	459	6	1	28	2292
4.595	1	1	460	6	1	28	2292
4.605	1	1	461	6	1	28	2292
4.615	1	1	462	6	1	28	2292
4.625	1	1	463	6	1	28	2292
4.635	1	1	464	6	1	28	2292
4.645	1	1	465	6	1	28	2292
4.655	1	1	466	6	1	28	2292
4.665	1	1	467	6	1	28	2292
4.675	1	1	468	6	1	28	2292
4.685	1	1	469	6	1	28	2292
4.695	1	1	470	6	1	28	2292
4.705	1	1	471	6	1	28	2292
4.715	1	1	472	6	1	28	2292
4.725	1	1	473	6	1	28	2292
4.735	1	1	474	6	1	28	2292
4.745	1	1	475	6	1	28	2292
4.755	1	1	476	6	1	28	2292
4.765	1	1	477	6	1	28	2292
4.775	1	1	478	6	1	28	2292
4.785	1	1	479	6	1	28	2292
4.795	1	1	480	6	1	28	2292
4.805	1	1	481	6	1	28	2292
4.815	1	1	482	6	1	28	2292
4.825	1	1	483	6	1	28	2292
4.835	1	1	484	6	1	28	2292
4.845	1	1	485	6	1	28	2292
4.855	1	1	486	6	1	28	2292
4.865	1	1	487	6	1	28	2292
4.875	1	1	488	6	1	28	2292
4.885	1	1	489	6	1	28	2292
4.895	1	1	490	6	1	28	2292
4.905	1	1	491	6	1	28	2292
4.915	1	1	492	6	1	28	2292
4.925	1	1	493	6	1	28	2292
4.935	1	1	494	6	1	28	2292
4.945	1	1	495	6	1	28	2292
4.955	1	1	496	6	1	28	2292
4.965	1	1	497	6	1	28	2292
4.975	1	1	498	6	1	28	2292
4.985	1	1	499	6	1	28	2292
4.995	1	1	500	6	1	28	2292
5.005	1	1	501	6	1	28	2292
5.015	1	1	502	6	1	28	2292
5.025	1	1	503	6	1	28	2292
5.035	1	1	504	6	1	28	2292
5.045	1	1	505	6	1	28	2292
5.055	1	1	506	6	1	28	2292
5.065	1	1	507	6	1	28	2292
5.075	1	1	508	6	1	28	2292
5.085	1	1	509	6	1	28	2292
5.095	1	1	510	6	1	28	2292
5.105	1	1	511	6	1	28	2292
5.115	1	1	512	6	1	28	2292
5.125	1	1	513	6	1	28	2292
5.135	1	1	514	6	1	28	2292
5.145	1	1	515	6	1	28	2292
5.155	1	1	516	6	1	28	2292
5.165	1	1	517	6	1	28	2292
5.175	1	1	518	6	1	28	2292
5.185	1	1	519	6	1	28	2292
5.195	1	1	520	6	1	28	2292
5.205	1	1	521	6	1	28	2292
5.215	1	1	522	6	1	28	2292
5.225	1	1	523	6	1	28	2292
5.235	1	1	524	6	1	28	2292
5.245	1	1	525	6	1	28	2292
5.255	1	1	526	6	1	28	2292
5.265	1	1	527	6	1	28	2292
5.275	1	1	528	6	1	28	2292
5.285	1	1	529	6	1	28	2292
5.295	1	1	530	6	1	28	2292
5.305	1	1	531	6	1	28	2292
5.315	1	1	532	6	1	28	2292
5.325	1	1	533	6	1	28	2292
5.335	1	1	534	6	1	28	2292
5.345	1	1	535	6	1	28	2292
5.355	1	1	536	6	1	28	2292
5.365	1	1	537	6	1	28	2292
5.375	1	1	538	6	1	28	2292
5.385	1	1	539	6	1	28	2292
5.395	1	1	540	6	1	28	2292
5.405	1	1	541	6	1	28	2292
5.415	1	1	542	6	1	28	2292
5.425	1	1	543	6	1	28	2292
5.435	1	1	544	6	1	28	2292
5.445	1	1	545	6	1	28	2292
5.455	1	1	546	6	1	28	2292
5.465	1	1	547	6	1	28	2292
5.475	1	1	548	6	1	28	2292
5.485	1	1	549	6	1	28	2292
5.495	1	1	550	6	1	28	2292
5.505	1	1	551	6	1	28	2292
5.515	1	1	552	6	1	28	2292
5.525	1	1	553	6	1	28	2292
5.535	1	1	554	6	1	28	2292
5.545	1	1	555	6	1	28	2292
5.555	1	1	556	6	1	28	2292
5.565	1	1	557	6	1	28	2292
5.575	1	1	558	6	1	28	2292
5.585	1	1	559	6	1	28	2292
5.595	1	1	560	6	1	28	2292
5.605	1	1	561	6	1	28	2292
5.615	1	1	562	6	1	28	2292
5.625	1	1	563	6	1	28	2292
5.635	1	1	564	6	1	28	2292
5.645	1	1	565	6	1	28	2292
5.655	1	1	566	6	1	28	2292
5.665	1	1	567	6	1	28	2292
5.675	1	1	568	6	1	28	2292
5.685	1	1	569	6	1	28	2292
5.695	1	1	570	6	1	28	2292
5.705	1	1	571	6	1	28	2292
5.715	1	1	572	6	1	28	2292
5.725	1	1	573	6	1	28	2292
5.735	1	1	574	6	1	28	2292
5.745	1	1	575	6	1	28	2292
5.755	1	1	576	6	1	28	2292
5.765	1	1	577	6	1	28	2292
5.775	1	1	578	6	1	28	2292
5.785	1	1	579	6	1	28	2292
5.795	1	1	580	6	1	28	2292
5.805	1	1	581	6	1	28	2292
5.815	1	1	582	6	1	28	2292
5.825	1	1	583	6	1	28	2292
5.835	1	1	584	6	1	28	2292
5.845	1	1	585	6	1	28	2292
5.855	1	1	586	6	1	28	2292
5.865	1	1	587	6	1	28	2292
5.875	1	1	588	6	1	28	2292
5.885	1	1	589	6	1	28	2292
5.895	1	1	590	6	1	28	2292
5.905	1	1	591	6	1	28	2292
5.915	1	1	592	6	1	28	2292
5.925	1	1	593	6	1	28	2292
5.935	1	1	594	6	1	28	2292
5.945	1	1	595	6	1	28	2292
5.955	1	1	596	6	1	28	2292
5.965	1	1	597	6	1	28	2292
5.975	1	1	598	6	1	28	2292
5.985	1	1	599	6	1	28	2292
5.995	1	1	600	6	1	28	2292
6.005	1	1	601	6	1	28	2292
6.015	1	1	602	6	1	28	2292
6.025	1	1	603	6	1	28	2292
6.035	1	1	604	6	1	28	2292
6.045	1	1	605	6	1	28	2292
6.055	1	1	606	6	1	28	2292
6.065	1	1	607	6	1	28	2292
6.075	1	1	608	6	1	28	2292
6.085	1	1	609	6	1	28	2292
6.095	1	1	610	6	1	28	2292
6.105	1	1	611	6	1	28	2292
6.115	1	1	612	6	1	28	2292
6.125	1	1	613	6	1	28	2292
6.135	1	1	614	6	1	28	2292
6.145	1	1	615	6	1	28	2292
6.155	1	1	616	6	1	28	2292
6.165	1	1	617	6	1	28	2292
6.175	1	1	618	6	1	28	2292
6.185	1	1	619	6	1	28	2292
6.195	1	1	620	6	1	28	2292
6.205	1	1	621	6	1	28	2292
6.215	1	1	622	6	1	28	2292
6.225	1	1	623	6	1	28	2292
6.235	1	1	624	6	1	28	2292
6.245	1	1	625	6	1	28	2292
6.255	1	1	626	6	1	28	2292
6.265	1	1	627	6	1	28	2292
6.275	1	1	628	6	1	28	2292
6.285	1	1	629	6	1	28	2292
6.295	1	1	630	6	1	28	2292
6.305	1	1	631	6	1	28	2292
6.315	1	1	632	6	1	28	2292
6.325	1	1	633	6	1	28	2292
6.335	1	1	634	6	1	28	2292
6.345	1	1	635	6	1	28	2292
6.355	1	1	636	6	1	28	2292
6.365	1	1	637	6	1	28	2292
6.375	1	1	638	6	1	28	2292
6.385	1	1	639	6	1	28	2292
6.395	1	1	640	6	1	28	2292
6.405	1	1	641	6	1	28	2292
6.415	1	1	642	6	1	28	2292
6.425	1	1	643	6	1	28	2292
6.435	1	1	644	6	1	28	2292
6.445	1	1	645	6	1	28	2292
6.455	1	1	646	6	1	28	2292
6.465	1	1	647	6	1	28	2292
6.475	1	1	648	6	1	28	2292
6.485	1	1	649	6	1	28	2292
6.495	1	1	650	6	1	28	2292
6.505	1	1	651	6	1	28	2292
6.515	1	1	652	6	1	28	2292
6.525	1	1	653	6	1	28	2292
6.535	1	1	654	6	1	28	2292
6.545	1	1	655	6	1	28	2292
6.555	1	1	656	6	1	28	2292
6.565	1	1	657	6	1	28	2292
6.575	1	1	658	6	1	28	2292
6.585	1	1	659	6	1	28	2292
6.595	1	1	660	6	1	28	2292
6.605	1	1	661	6	1	28	2292
6.615	1	1	662	6	1	28	2292
6.625	1	1	663	6	1	28	2292
6.635	1	1	664	6	1	28	2292
6.645	1	1	665	6	1	28	2292
6.655	1	1	666	6	1	28	2292
6.665	1	1	667	6	1	28	2292
6.675	1	1	668	6	1	28	2292
6.685	1	1	669	6	1	28	2292
6.695	1	1	670	6	1	28	2292
6.705	1	1	671	6	1	28	2292
6.715	1	1	672	6	1	28	2292
6.725	1	1	673	6	1	28	2292
6.735	1	1	674	6	1	28	2292
6.745	1	1	675	6	1	28	2292
6.755	1	1	676	6	1	28	2292
6.765	1	1	677	6	1	28	2292
6.775	1	1	678	6	1	28	2292
6.785	1	1	679	6	1	28	2292
6.795	1	1	680	6	1	28	2292
6.805	1	1	681	6	1	28	2292
6.815	1	1	682	6	1	28	2292
6.825	1	1	683	6	1	28	2292
6.835	1	1	684	6	1	28	2292
6.845	1	1	685	6	1	28	2292
6.855	1	1	686	6	1	28	2292
6.865	1	1	687	6	1	28	2292
6.875	1	1	688	6	1	28	2292
6.885	1	1	689	6	1	28	2292
6.895	1	1	690	6	1	28	2292
6.905	1	1	691	6	1	28	2292
6.915	1	1	692	6	1	28	2292
6.925	1	1	693	6	1	28	2292
6.935	1	1	694	6	1	28	2292
6.945	1	1	695	6	1	28	2292
6.955	1	1	696	6	1	28	2292
6.965	1	1	697	6	1	28	2292
6.975	1	1	698	6	1	28	2292
6.985	1	1	699	6	1	28	2292
6.995	1	1	700	6	1	28	2292
7.005	1	1	701	6	1	28	2292
7.015	1	1	702	6	1	28	2292
7.025	1	1	703	6	1	28	2292
7.035	1	1	704	6	1	28	2292
7.045	1	1	705	6	1	28	2292
7.055	1	1	706	6	1	28	2292
7.065	1	1	707	6	1	28	2292
7.075	1	1	708	6	1	28	2292
7.085	1	1	709	6	1	28	2292
7.095	1	1	710	6	1	28	2292
7.105	1	1	711	6	1	28	2292
7.115	1	1	712	6	1	28	2292
7.125	1	1	713	6	1	28	2292
7.135	1	1	714	6	1	28	2292
7.145	1	1	715	6	1	28	2292
7.155	1	1	716	6	1	28	2292
7.165	1	1	717	6	1	28	2292
7.175	1	1	718	6	1	28	2292
7.185	1	1	719	6	1	28	2292
7.195	1	1	720	6	1	28	2292
7.205	1	1	721	6	1	28	2292
7.215	1	1	722	6	1	28	2292
7.225	1	1	723	6	1	28	2292
7.235	1	1	724	6	1	28	2292
7.245	1	1	725	6	1	28	2292
7.255	1	1	726	6	1	28	2292
7.265	1	1	727	6	1	28	2292
7.275	1	1	728	6	1	28	2292
7.285	1	1	729	6	1	28	2292
7.295	1	1	730	6	1	28	2292
7.305	1	1	731	6	1	28	2292
7.315	1	1	732	6	1	28	2292
7.325	1	1	733	6	1	28	2292
7.335	1	1	734	6	1	28	2292
7.345	1	1	735	6	1	28	2292
7.355	1	1	736	6	1	28	2292
7.365	1	1	737	6	1	28	2292
7.375	1	1	738	6	1	28	2292
7.385	1	1	739	6	1	28	2292
7.395	1	1	740	6	1	28	2292
7.405	1	1	741	6	1	28	2292
7.415	1	1	742	6	1	28	2292
7.425	1	1	743	6	1	28	2292
7.435	1	1	744	6	1	28	2292
7.445	1	1	745	6	1	28	2292
7.455	1	1	746	6	1	28	2292
7.465	1	1	747	6	1	28	2292
7.475	1	1	748	6	1	28	2292
7.485	1	1	749	6	1	28	2292
7.495	1	1	750	6	1	28	2292
7.505	1	1	751	6	1	28	2292
7.515	1	1	752	6	1	28	2292
7.525	1	1	753	6	1	28	2292
7.535	1	1	754	6	1	28	2292
7.545	1	1	755	6	1	28	2292
7.555	1	1	756	6	1	28	2292
7.565	1	1	757	6	1	28	2292
7.575	1	1	758	6	1	28	2292
7.585	1	1	759	6	1	28	2292
7.595	1	1	760	6	1	28	2292
7.605	1	1	761	6	1	28	2292
7.615	1	1	762	6	1	28	2292
7.625	1	1	763	6	1	28	2292
7.635	1	1	764	6	1	28	2292
7.645	1	1	765	6	1	28	2292
7.655	1	1	766	6	1	28	2292
7.665	1	1	767	6	1	28	2292
7.675	1	1	768	6	1	28	2292
7.685	1	1	769	6	1	28	2292
7.695	1	1	770	6	1	28	2292
7.705	1	1	771	6	1	28	2292
7.715	1	1	772	6	1	28	2292
7.725	1	1	773	6	1	28	2292
7.735	1	1	774	6	1	28	2292
7.745	1	1	775	6	1	28	2292
7.755	1	1	776	6	1	28	2292
7.765	1	1	777	6	1	28	2292
7.775	1	1	778	6	1	28	2292
7.785	1	1	779	6	1	28	2292
7.795	1	1	780	6	1	28	2292
7.805	1	1	781	6	1	28	2292
7.815	1	1	782	6	1	28	2292
7.825	1	1	783	6	1	28	2292
7.835	1	1	784	6	1	28	2292
7.845	1	1	785	6	1	28	2292
7.855	1	1	786	6	1	28	2292
7.865	1	1	787	6	1	28	2292
7.875	1	1	788	6	1	28	2292
7.885	1	1	789	6	1	28	2292
7.895	1	1	790	6	1	28	2292
7.905	1	1	791	6	1	28	2292
7.915	1	1	792	6	1	28	2292
7.925	1	1	793	6	1	28	2292
7.935	1	1	794	6	1	28	2292
7.945	1	1	795	6	1	28	2292
7.955	1	1	796	6	1	28	2292
7.965	1	1	797	6	1	28	2292
7.975	1	1	798	6	1	28	2292
7.985	1	1	799	6	1	28	2292
7.995	1	1	800	6	1	28	2292
8.005	1	1	801	6	1	28	2292
8.015	1	1	802	6	1	28	2292
8.025	1	1	803	6	1	28	2292
8.035	1	1	804	6	1	28	2292
8.045	1	1	805	6	1	28	2292
8.055	1	1	806	6	1	28	2292
8.065	1	1	807	6	1	28	2292
8.075	1	1	808	6	1	28	2292
8.085	1	1	809	6	1	28	2292
8.095	1	1	810	6	1	28	2292
8.105	1	1	811	6	1	28	2292
8.115	1	1	812	6	1	28	2292
8.125	1	1	813	6	1	28	2292
8.135	1	1	814	6	1	28	2292
8.145	1	1	815	6	1	28	2292
8.155	1	1	816	6	1	28	2292
8.165	1	1	817	6	1	28	2292
8.175	1	1	818	6	1	28	2292
8.185	1	1	819	6	1	28	2292
8.195	1	1	820	6	1	28	2292
8.205	1	1	821	6	1	28	2292
8.215	1	1	822	6	1	28	2292
8.225	1	1	823	6	1	28	2292
8.235	1	1	824	6	1	28	2292
8.245	1	1	825	6	1	28	2292
8.255	1	1	826	6	1	28	2292
8.265	1	1	827	6	1	28	2292
8.275	1	1	828	6	1	28	2292
8.285	1	1	829	6	1	28	2292
8.295	1	1	830	6	1	28	2292
8.305	1	1	831	6	1	28	2292
8.315	1	1	832	6	1	28	2292
8.325	1	1	833	6	1	28	2292
8.335	1	1	834	6	1	28	2292
8.345	1	1	835	6	1	28	2292
8.355	1	1	836	6	1	28	2292
8.365	1	1	837	6	1	28	2292
8.375	1	1	838	6	1	28	2292
8.385	1	1	839	6	1	28	2292
8.395	1	1	840	6	1	28	2292
8.405	1	1	841	6	1	28	2292
8.415	1	1	842	6	1	28	2292
8.425	1	1	843	6	1	28	2292
8.435	1	1	844	6	1	28	2292
8.445	1	1	845	6	1	28	2292
8.455	1	1	846	6	1	28	2292
8.465	1	1	847	6	1	28	2292
8.475	1	1	848	6	1	28	2292
8.485	1	1	849	6	1	28	2292
8.495	1	1	850	6	1	28	2292
8.505	1	1	851	6	1	28	2292
8.515	1	1	852	6	1	28	2292
8.525	1	1	853	6	1	28	2292
8.535	1	1	854	6	1	28	2292
8.545	1	1	855	6	1	28	2292
8.555	1	1	856	6	1	28	2292
8.565	1	1	857	6	1	28	2292
8.575	1	1	858	6	1	28	2292
8.585	1	1	859	6	1	28	2292
8.595	1	1	860	6	1	28	2292
8.605	1	1	861	6	1	28	2292
8.615	1	1	862	6	1	28	2292
8.625	1	1	863	6	1	28	2292
8.635	1	1	864	6	1	28	2292
8.645	1	1	865	6	1	28	2292
8.655	1	1	866	6	1	28	2292
8.665	1	1	867	6	1	28	2292
8.675	1	1	868	6	1	28	2292
8.685	1	1	869	6	1	28	2292
8.695	1	1	870	6	1	28	2292
8.705	1	1	871	6	1	28	2292
8.715	1	1	872	6	1	28	2292
8.725	1	1	873	6	1	28	2292
8.735	1	1	874	6	1	28	2292
8.745	1	1	875	6	1	28	2292
8.755	1	1	876	6	1	28	2292
8.765	1	1	877	6	1	28	2292
8.775	1	1	878	6	1	28	2292
8.785	1	1	879	6	1	28	2292
8.795	1	1	880	6	1	28	2292
8.805	1	1	881	6	1	28	2292
8.815	1	1	882	6	1	28	2292
8.825	1	1	883	6	1	28	2292
8.835	1	1	884	6	1	28	2292
8.845	1	1	885	6	1	28	2292
8.855	1	1	886	6	1	28	2292
8.865	1	1	887	6	1	28	2292
8.875	1	1	888	6	1	28	2292
8.885	1	1	889	6	1	28	2292
8.895	1	1	890	6	1	28	2292
8.905	1	1	891	6	1	28	2292
8.915	1	1	892	6	1	28	2292
8.925	1	1	893	6	1	28	2292
8.935	1	1	894	6	1	28	2292
8.945	1	1	895	6	1	28	2292
8.955	1	1	896	6	1	28	2292
8.965	1	1	897	6	1	28	2292
8.975	1	1	898	6	1	28	2292
8.985	1	1	899	6	1	28	2292
8.995	1	1	900	6	1	28	2292
9.005	1	1	901	6	1	28	2292
9.015	1	1	902	6	1	28	2292
9.025	1	1	903	6	1	28	2292
9.035	1	1	904	6	1	28	2292
9.045	1	1	905	6	1	28	2292
9.055	1	1	906	6	1	28	2292
9.065	1	1	907	6	1	28	2292
9.075	1	1	908	6	1	28	2292
9.085	1	1	909	6	1	28	2292
9.095	1	1	910	6	1	28	2292
9.105	1	1	911	6	1	28	2292
9.115	1	1	912	6	1	28	2292
9.125	1	1	913	6	1	28	2292
9.135	1	1	914	6	1	28	2292
9.145	1	1	915	6	1	28	2292
9.155	1	1	916	6	1	28	2292
9.165	1	1	917	6	1	28	2292
9.175	1	1	918	6	1	28	2292
9.185	1	1	919	6	1	28	2292
9.195	1	1	920	6	1	28	2292
9.205	1	1	921	6	1	28	2292
9.215	1	1	922	6	1	28	2292
9.225	1	1	923	6	1	28	2292
9.235	1	1	924	6	1	28	2292
9.245	1	1	925	6	1	28	2292
9.255	1	1	926	6	1	28	2292
9.265	1	1	927	6	1	28	2292
9.275	1	1	928	6	1	28	2292
9.285	1	1	929	6	1	28	2292
9.295	1	1	930	6	1	28	2292
9.305	1	1	931	6	1	28	2292
9.315	1	1	932	6	1	28	2292
9.325	1	1	933	6	1	28	2292
9.335	1	1	934	6	1	28	2292
9.345	1	1	935	6	1	28	2292
9.355	1	1	936	6	1	28	2292
9.365	1	1	937	6	1	28	2292
9.375	1	1	938	6	1	28	2292
9.385	1	1	939	6	1	28	2292
9.395	1	1	940	6	1	28	2292
9.405	1	1	941	6	1	28	2292
9.415	1	1	942	6	1	28	2292
9.425	1	1	943	6	1	28	2292
9.435	1	1	944	6	1	28	2292
9.445	1	1	945	6	1	28	2292
9.455	1	1	946	6	1	28	2292
9.465	1	1	947	6	1	28	2292
9.475	1	1	948	6	1	28	2292
9.485	1	1	949	6	1	28	2292
9.495	1	1	950	6	1	28	2292
9.505	1	1	951	6	1	28	2292
9.515	1	1	952	6	1	28	2292
9.525	1	1	953	6	1	28	2292
9.535	1	1	954	6	1	28	2292
9.545	1	1	955	6	1	28	2292
9.555	1	1	956	6	1	28	2292
9.565	1	1	957	6	1	28	2292
9.575	1	1	958	6	1	28	2292
9.585	1	1	959	6	1	28	2292
9.595	1	1	960	6	1	28	2292
9.605	1	1	961	6	1	28	2292
9.615	1	1	962	6	1	28	2292
9.625	1	1	963	6	1	28	2292
9.635	1	1	964	6	1	28	2292
9.645	1	1	965	6	1	28	2292
9.655	1	1	966	6	1	28	2292
9.665	1	1	967	6	1	28	2292
9.675	1	1	968	6	1	28	2292
9.685	1	1	969	6	1	28	2292
9.695	1	1	970	6	1	28	2292
9.705	1	1	971	6	1	28	2292
9.715	1	1	972	6	1	28	2292
9.725	1	1	973	6	1	28	2292
9.735	1	1	974	6	1	28	2292
9.745	1	1	975	6	1	28	2292
9.755	1	1	976	6	1	28	2292
9.765	1	1	977	6	1	28	2292
9.775	1	1	978	6	1	28	2292
9.785	1	1	979	6	1	28	2292
9.795	1	1	980	6	1	28	2292
9.805	1	1	981	6	1	28	2292
9.815	1	1	982	6	1	28	2292
9.825	1	1	983	6	1	28	2292
9.835	1	1	984	6	1	28	2292
9.845	1	1	985	6	1	28	2292
9.855	1	1	986	6	1	28	2292
9.865	1	1	987	6	1	28	2292
9.875	1	1	988	6	1	28	2292
9.885	1	1	989	6	1	28	2292
9.895	1	1	990	6	1	28	2292
9.905	1	1	991	6	1	28	2292
9.915	1	1	992	6	1	28	2292
9.925	1	1	993	6	1	28	2292
9.935	1	1	994	6	1	28	2292
9.945	1	1	995	6	1	28	2292
9.955	1	1	996	6	1	28	2292
9.965	1	1	997	6	1	28	2292
9.975	1	1	998	6	1	28	2292
9.985	1	1	999	6	1	28	2292
9.995	1	1	1000	6	1	28	2292
10.005	1	1	1001	6	1	28	2292
10.015	1	1	1002	6	1	28	2292
10.025	1	1	1003	6	1	28	2292
10.035	1	1	1004	6	1	28	2292
10.045	1	1	1005	6	1	28	2292
10.055	1	1	1006	6	1	28	2292
10.065	1	1	1007	6	1	28	2292
10.075	1	1	1008	6	1	28	2292
10.085	1	1	1009	6	1	28	2292
10.095	1	1	1010	6	1	28	2292
10.105	1	1	1011	6	1	28	2292
10.115	1	1	1012	6	1	28	2292
10.125	1	1	1013	6	1	28	2292
10.135	1	1	1014	6	1	28	2292
10.145	1	1	1015	6	1	28	2292
10.155	1	1	1016	6	1	28	2292
10.165	1	1	1017	6	1	28	2292
10.175	1	1	1018	6	1	28	2292
10.185	1	1	1019	6	1	28	2292
10.195	1	1	1020	6	1	28	2292
10.205	1	1	1021	6	1	28	2292
10.215	1	1	1022	6	1	28	2292
10.225	1	1	1023	6	1	28	2292
10.235	1	1	1024	6	1	28	2292
10.245	1	1	1025	6	1	28	2292
10.255	1	1	1026	6	1	28	2292
10.265	1	1	1027	6	1	28	2292
10.275	1	1	1028	6	1	28	2292
10.285	1	1	1029	6	1	28	2292
10.295	1	1	1030	6	1	28	2292
10.305	1	1	1031	6	1	28	2292
10.315	1	1	1032	6	1	28	2292
10.325	1	1	1033	6	1	28	2292
10.335	1	1	1034	6	1	28	2292
10.345	1	1	1035	6	1	28	2292
10.355	1	1	1036	6	1	28	2292
10.365	1	1	1037	6	1	28	2292
10.375	1	1	1038	6	1	28	2292
10.385	1	1	1039	6	1	28	2292
10.395	1	1	1040	6	1	28	2292
10.405	1	1	1041	6	1	28	2292
10.415	1	1	1042	6	1	28	2292
10.425	1	1	1043	6	1	28	2292
10.435	1	1	1044	6	1	28	2292
10.445	1	1	1045	6	1	28	2292
10.455	1	1	1046	6	1	28	2292
10.465	1	1	1047	6	1	28	2292
10.475	1	1	1048	6	1	28	2292
10.485	1	1	1049	6	1	28	2292
10.495	1	1	1050	6	1	28	2292
10.505	1	1	1051	6	1	28	2292
10.515	1	1	1052	6	1	28	2292
10.525	1	1	1053	6	1	28	2292
10.535	1	1	1054	6	1	28	2292
10.545	1	1	1055	6	1	28	2292
10.555	1	1	1056	6	1	28	2292
10.565	1	1	1057	6	1	28	2292
10.575	1	1	1058	6	1	28	2292
10.585	1	1	1059	6	1	28	2292
10.595	1	1	1060	6	1	28	2292
10.605	1	1	1061	6	1	28	2292
10.615	1	1	1062	6	1	28	2292
10.625	1	1	1063	6	1	28	2292
10.635	1	1	1064	6	1	28	2292
10.645	1	1	1065	6	1	28	2292
10.655	1	1	1066	6	1	28	2292
10.665	1	1	1067	6	1	28	2292
10.675	1	1	1068	6	1	28	2292
10.685	1	1	1069	6	1	28	2292
10.695	1	1	1070	6	1	28	2292
10.705	1	1	1071	6	1	28	2292
10.715	1	1	1072	6	1	28	2292
10.725	1	1	1073	6	1	28	2292
10.735	1	1	1074	6	1	28	2292
10.745	1	1	1075	6	1	28	2292
10.755	1	1	1076	6	1	28	2292
10.765	1	1	1077	6	1	28	2292
10.766	1	1	1077	7	1	28	2292
10.775	1	1	1078	6	1	28	2292
10.785	1	1	1079	6	1	28	2292
10.795	1	1	1080	6	1	28	2292
10.805	1	1	1081	6	1	28	2292
10.815	1	1	1082	6	1	28	2292
10.825	1	1	1083	6	1	28	2292
10.835	1	1	1084	6	1	28	2292
10.845	1	1	1085	6	1	28	2292
10.855	1	1	1086	6	1	28	2292
10.865	1	1	1087	6	1	28	2292
10.875	1	1	1088	6	1	28	2292
10.885	1	1	1089	6	1	28	2292
10.895	1	1	1090	6	1	28	2292
10.905	1	1	1091	6	1	28	2292
10.915	1	1	1092	6	1	28	2292
10.925	1	1	1093	6	1	28	2292
10.935	1	1	1094	6	1	28	2292
10.945	1	1	1095	6	1	28	2292
10.955	1	1	1096	6	1	28	2292
10.965	1	1	1097	6	1	28	2292
10.975	1	1	1098	6	1	28	2292
10.985	1	1	1099	6	1	28	2292
10.995	1	1	1100	6	1	28	2292
11.015	2	1	1102	6	1	0	85
11.016	2	1	1102	7	1	0	85
11.017	2	1	1102	8	1	0	85
11.018	2	1	1102	9	1	0	85
11.019	2	1	1102	10	1	0	85
11.02	2	1	1103	1	1	0	85
11.021	2	1	1103	2	1	0	85
11.022	2	1	1103	3	1	28	2292
11.025	2	1	1103	6	1	28	2292
11.035	2	1	1104	6	1	28	2292
11.045	2	1	1105	6	1	28	2292
11.055	2	1	1106	6	1	28	2292
11.065	2	1	1107	6	1	28	2292
11.075	2	1	1108	6	1	28	2292
11.085	2	1	1109	6	1	28	2292
11.095	2	1	1110	6	1	28	2292
11.105	2	1	1111	6	1	28	2292
11.115	2	1	1112	6	1	28	2292
11.125	2	1	1113	6	1	28	2292
11.135	2	1	1114	6	1	28	2292
11.145	2	1	1115	6	1	28	2292
11.155	2	1	1116	6	1	28	2292
11.165	2	1	1117	6	1	28	2292
11.175	2	1	1118	6	1	28	2292
11.185	2	1	1119	6	1	28	2292
11.195	2	1	1120	6	1	28	2292
11.205	2	1	1121	6	1	28	2292
11.206	2	1	1121	7	1	28	2292
11.215	2	1	1122	6	1	28	2292
11.225	2	1	1123	6	1	28	2292
11.235	2	1	1124	6	1	28	2292
11.245	2	1	1125	6	1	28	2292
11.255	2	1	1126	6	1	28	2292
11.265	2	1	1127	6	1	28	2292
11.275	2	1	1128	6	1	28	2292
11.285	2	1	1129	6	1	28	2292
11.295	2	1	1130	6	1	28	2292
11.305	2	1	1131	6	1	28	2292
11.315	2	1	1132	6	1	28	2292
11.325	2	1	1133	6	1	28	2292
11.335	2	1	1134	6	1	28	2292
11.345	2	1	1135	6	1	28	2292
11.355	2	1	1136	6	1	28	2292
11.365	2	1	1137	6	1	28	2292
11.375	2	1	1138	6	1	28	2292
11.385	2	1	1139	6	1	28	2292
11.395	2	1	1140	6	1	28	2292
11.405	2	1	1141	6	1	28	2292
11.415	2	1	1142	6	1	28	2292
11.425	2	1	1143	6	1	28	2292
11.435	2	1	1144	6	1	28	2292
11.445	2	1	1145	6	1	28	2292
11.455	2	1	1146	6	1	28	2292
11.465	2	1	1147	6	1	28	2292
11.475	2	1	1148	6	1	28	2292
11.485	2	1	1149	6	1	28	2292
11.495	2	1	1150	6	1	28	2292
11.505	2	1	1151	6	1	28	2292
11.515	2	1	1152	6	1	28	2292
11.525	2	1	1153	6	1	28	2292
11.535	2	1	1154	6	1	28	2292
11.545	2	1	1155	6	1	28	2292
11.555	2	1	1156	6	1	28	2292
11.565	2	1	1157	6	1	28	2292
11.575	2	1	1158	6	1	28	2292
11.585	2	1	1159	6	1	28	2292
11.595	2	1	1160	6	1	28	2292
11.605	2	1	1161	6	1	28	2292
11.615	2	1	1162	6	1	28	2292
11.625	2	1	1163	6	1	28	2292
11.635	2	1	1164	6	1	28	2292
11.645	2	1	1165	6	1	28	2292
11.655	2	1	1166	6	1	28	2292
11.665	2	1	1167	6	1	28	2292
11.675	2	1	1168	6	1	28	2292
11.685	2	1	1169	6	1	28	2292
11.695	2	1	1170	6	1	28	2292
11.705	2	1	1171	6	1	28	2292
11.715	2	1	1172	6	1	28	2292
11.725	2	1	1173	6	1	28	2292
11.735	2	1	1174	6	1	28	2292
11.745	2	1	1175	6	1	28	2292
11.755	2	1	1176	6	1	28	2292
11.765	2	1	1177	6	1	28	2292
11.775	2	1	1178	6	1	28	2292
11.785	2	1	1179	6	1	28	2292
11.795	2	1	1180	6	1	28	2292
11.805	2	1	1181	6	1	28	2292
11.815	2	1	1182	6	1	28	2292
11.825	2	1	1183	6	1	28	2292
11.835	2	1	1184	6	1	28	2292
11.845	2	1	1185	6	1	28	2292
11.855	2	1	1186	6	1	28	2292
11.865	2	1	1187	6	1	28	2292
11.875	2	1	1188	6	1	28	2292
11.885	2	1	1189	6	1	28	2292
11.895	2	1	1190	6	1	28	2292
11.905	2	1	1191	6	1	28	2292
11.915	2	1	1192	6	1	28	2292
11.925	2	1	1193	6	1	28	2292
11.935	2	1	1194	6	1	28	2292
11.945	2	1	1195	6	1	28	2292
11.955	2	1	1196	6	1	28	2292
11.965	2	1	1197	6	1	28	2292
11.975	2	1	1198	6	1	28	2292
11.985	2	1	1199	6	1	28	2292
11.995	2	1	1200	6	1	28	2292
12.005	2	1	1201	6	1	28	2292
12.015	2	1	1202	6	1	28	2292
12.025	2	1	1203	6	1	28	2292
12.035	2	1	1204	6	1	28	2292
12.045	2	1	1205	6	1	28	2292
12.055	2	1	1206	6	1	28	2292
12.065	2	1	1207	6	1	28	2292
12.075	2	1	1208	6	1	28	2292
12.085	2	1	1209	6	1	28	2292
12.095	2	1	1210	6	1	28	2292
12.105	2	1	1211	6	1	28	2292
12.115	2	1	1212	6	1	28	2292
12.125	2	1	1213	6	1	28	2292
12.135	2	1	1214	6	1	28	2292
12.145	2	1	1215	6	1	28	2292
12.155	2	1	1216	6	1	28	2292
12.165	2	1	1217	6	1	28	2292
12.175	2	1	1218	6	1	28	2292
12.185	2	1	1219	6	1	28	2292
12.195	2	1	1220	6	1	28	2292
12.205	2	1	1221	6	1	28	2292
12.215	2	1	1222	6	1	28	2292
12.225	2	1	1223	6	1	28	2292
12.235	2	1	1224	6	1	28	2292
12.245	2	1	1225	6	1	28	2292
12.255	2	1	1226	6	1	28	2292
12.265	2	1	1227	6	1	28	2292
12.275	2	1	1228	6	1	28	2292
12.285	2	1	1229	6	1	28	2292
12.295	2	1	1230	6	1	28	2292
12.305	2	1	1231	6	1	28	2292
12.315	2	1	1232	6	1	28	2292
12.325	2	1	1233	6	1	28	2292
12.335	2	1	1234	6	1	28	2292
12.345	2	1	1235	6	1	28	2292
12.355	2	1	1236	6	1	28	2292
12.365	2	1	1237	6	1	28	2292
12.375	2	1	1238	6	1	28	2292
12.385	2	1	1239	6	1	28	2292
12.395	2	1	1240	6	1	28	2292
12.405	2	1	1241	6	1	28	2292
12.415	2	1	1242	6	1	28	2292
12.425	2	1	1243	6	1	28	2292
12.435	2	1	1244	6	1	28	2292
12.445	2	1	1245	6	1	28	2292
12.455	2	1	1246	6	1	28	2292
12.465	2	1	1247	6	1	28	2292
12.475	2	1	1248	6	1	28	2292
12.485	2	1	1249	6	1	28	2292
12.495	2	1	1250	6	1	28	2292
12.505	2	1	1251	6	1	28	2292
12.515	2	1	1252	6	1	28	2292
12.525	2	1	1253	6	1	28	2292
12.535	2	1	1254	6	1	28	2292
12.545	2	1	1255	6	1	28	2292
12.555	2	1	1256	6	1	28	2292
12.565	2	1	1257	6	1	28	2292
12.575	2	1	1258	6	1	28	2292
12.585	2	1	1259	6	1	28	2292
12.595	2	1	1260	6	1	28	2292
12.605	2	1	1261	6	1	28	2292
12.615	2	1	1262	6	1	28	2292
12.625	2	1	1263	6	1	28	2292
12.635	2	1	1264	6	1	28	2292
12.645	2	1	1265	6	1	28	2292
12.655	2	1	1266	6	1	28	2292
12.665	2	1	1267	6	1	28	2292
12.675	2	1	1268	6	1	28	2292
12.685	2	1	1269	6	1	28	2292
12.695	2	1	1270	6	1	28	2292
12.705	2	1	1271	6	1	28	2292
12.715	2	1	1272	6	1	28	2292
12.725	2	1	1273	6	1	28	2292
12.735	2	1	1274	6	1	28	2292
12.745	2	1	1275	6	1	28	2292
12.755	2	1	1276	6	1	28	2292
12.765	2	1	1277	6	1	28	2292
12.775	2	1	1278	6	1	28	2292
12.785	2	1	1279	6	1	28	2292
12.795	2	1	1280	6	1	28	2292
12.805	2	1	1281	6	1	28	2292
12.815	2	1	1282	6	1	28	2292
12.825	2	1	1283	6	1	28	2292
12.835	2	1	1284	6	1	28	2292
12.845	2	1	1285	6	1	28	2292
12.855	2	1	1286	6	1	28	2292
12.865	2	1	1287	6	1	28	2292
12.875	2	1	1288	6	1	28	2292
12.885	2	1	1289	6	1	28	2292
12.895	2	1	1290	6	1	28	2292
12.905	2	1	1291	6	1	28	2292
12.915	2	1	1292	6	1	28	2292
12.925	2	1	1293	6	1	28	2292
12.935	2	1	1294	6	1	28	2292
12.945	2	1	1295	6	1	28	2292
12.955	2	1	1296	6	1	28	2292
12.965	2	1	1297	6	1	28	2292
12.975	2	1	1298	6	1	28	2292
12.985	2	1	1299	6	1	28	2292
12.995	2	1	1300	6	1	28	2292
13.005	2	1	1301	6	1	28	2292
13.015	2	1	1302	6	1	28	2292
13.025	2	1	1303	6	1	28	2292
13.035	2	1	1304	6	1	28	2292
13.045	2	1	1305	6	1	28	2292
13.055	2	1	1306	6	1	28	2292
13.065	2	1	1307	6	1	28	2292
13.075	2	1	1308	6	1	28	2292
13.085	2	1	1309	6	1	28	2292
13.095	2	1	1310	6	1	28	2292
13.105	2	1	1311	6	1	28	2292
13.115	2	1	1312	6	1	28	2292
13.125	2	1	1313	6	1	28	2292
13.135	2	1	1314	6	1	28	2292
13.145	2	1	1315	6	1	28	2292
13.155	2	1	1316	6	1	28	2292
13.165	2	1	1317	6	1	28	2292
13.175	2	1	1318	6	1	28	2292
13.185	2	1	1319	6	1	28	2292
13.195	2	1	1320	6	1	28	2292
13.205	2	1	1321	6	1	28	2292
13.215	2	1	1322	6	1	28	2292
13.225	2	1	1323	6	1	28	2292
13.235	2	1	1324	6	1	28	2292
13.245	2	1	1325	6	1	28	2292
13.255	2	1	1326	6	1	28	2292
13.265	2	1	1327	6	1	28	2292
13.275	2	1	1328	6	1	28	2292
13.285	2	1	1329	6	1	28	2292
13.295	2	1	1330	6	1	28	2292
13.305	2	1	1331	6	1	28	2292
13.315	2	1	1332	6	1	28	2292
13.325	2	1	1333	6	1	28	2292
13.335	2	1	1334	6	1	28	2292
13.345	2	1	1335	6	1	28	2292
13.346	2	1	1335	7	1	28	2292
13.355	2	1	1336	6	1	28	2292
13.365	2	1	1337	6	1	28	2292
13.375	2	1	1338	6	1	28	2292
13.385	2	1	1339	6	1	28	2292
13.395	2	1	1340	6	1	28	2292
13.405	2	1	1341	6	1	28	2292
13.415	2	1	1342	6	1	28	2292
13.425	2	1	1343	6	1	28	2292
13.435	2	1	1344	6	1	28	2292
13.445	2	1	1345	6	1	28	2292
13.455	2	1	1346	6	1	28	2292
13.465	2	1	1347	6	1	28	2292
13.475	2	1	1348	6	1	28	2292
13.485	2	1	1349	6	1	28	2292
13.495	2	1	1350	6	1	28	2292
13.505	2	1	1351	6	1	28	2292
13.515	2	1	1352	6	1	28	2292
13.525	2	1	1353	6	1	28	2292
13.535	2	1	1354	6	1	28	2292
13.545	2	1	1355	6	1	28	2292
13.555	2	1	1356	6	1	28	2292
13.565	2	1	1357	6	1	28	2292
13.575	2	1	1358	6	1	28	2292
13.585	2	1	1359	6	1	28	2292
13.595	2	1	1360	6	1	28	2292
13.605	2	1	1361	6	1	28	2292
13.615	2	1	1362	6	1	28	2292
13.625	2	1	1363	6	1	28	2292
13.635	2	1	1364	6	1	28	2292
13.645	2	1	1365	6	1	28	2292
13.655	2	1	1366	6	1	28	2292
13.665	2	1	1367	6	1	28	2292
13.675	2	1	1368	6	1	28	2292
13.685	2	1	1369	6	1	28	2292
13.695	2	1	1370	6	1	28	2292
13.705	2	1	1371	6	1	28	2292
13.715	2	1	1372	6	1	28	2292
13.725	2	1	1373	6	1	28	2292
13.735	2	1	1374	6	1	28	2292
13.745	2	1	1375	6	1	28	2292
13.755	2	1	1376	6	1	28	2292
13.765	2	1	1377	6	1	28	2292
13.775	2	1	1378	6	1	28	2292
13.785	2	1	1379	6	1	28	2292
13.795	2	1	1380	6	1	28	2292
13.805	2	1	1381	6	1	28	2292
13.815	2	1	1382	6	1	28	2292
13.816	2	1	1382	7	1	28	2292
13.825	2	1	1383	6	1	28	2292
13.835	2	1	1384	6	1	28	2292
13.845	2	1	1385	6	1	28	2292
13.855	2	1	1386	6	1	28	2292
13.865	2	1	1387	6	1	28	2292
13.875	2	1	1388	6	1	28	2292
13.885	2	1	1389	6	1	28	2292
13.895	2	1	1390	6	1	28	2292
13.905	2	1	1391	6	1	28	2292
13.915	2	1	1392	6	1	28	2292
13.925	2	1	1393	6	1	28	2292
13.926	2	1	1393	7	1	28	2292
13.935	2	1	1394	6	1	28	2292
13.945	2	1	1395	6	1	28	2292
13.955	2	1	1396	6	1	28	2292
13.965	2	1	1397	6	1	28	2292
13.975	2	1	1398	6	1	28	2292
13.985	2	1	1399	6	1	28	2292
13.995	2	1	1400	6	1	28	2292
14.005	2	1	1401	6	1	28	2292
14.015	2	1	1402	6	1	28	2292
14.025	2	1	1403	6	1	28	2292
14.035	2	1	1404	6	1	28	2292
14.045	2	1	1405	6	1	28	2292
14.055	2	1	1406	6	1	28	2292
14.065	2	1	1407	6	1	28	2292
14.075	2	1	1408	6	1	28	2292
14.085	2	1	1409	6	1	28	2292
14.095	2	1	1410	6	1	28	2292
14.105	2	1	1411	6	1	28	2292
14.115	2	1	1412	6	1	28	2292
14.125	2	1	1413	6	1	28	2292
14.126	2	1	1413	7	1	28	2292
14.135	2	1	1414	6	1	28	2292
14.145	2	1	1415	6	1	28	2292
14.155	2	1	1416	6	1	28	2292
14.165	2	1	1417	6	1	28	2292
14.175	2	1	1418	6	1	28	2292
14.185	2	1	1419	6	1	28	2292
14.195	2	1	1420	6	1	28	2292
14.205	2	1	1421	6	1	28	2292
14.215	2	1	1422	6	1	28	2292
14.225	2	1	1423	6	1	28	2292
14.235	2	1	1424	6	1	28	2292
14.245	2	1	1425	6	1	28	2292
14.255	2	1	1426	6	1	28	2292
14.265	2	1	1427	6	1	28	2292
14.275	2	1	1428	6	1	28	2292
14.285	2	1	1429	6	1	28	2292
14.295	2	1	1430	6	1	28	2292
14.305	2	1	1431	6	1	28	2292
14.315	2	1	1432	6	1	28	2292
14.325	2	1	1433	6	1	28	2292
14.335	2	1	1434	6	1	28	2292
14.345	2	1	1435	6	1	28	2292
14.355	2	1	1436	6	1	28	2292
14.365	2	1	1437	6	1	28	2292
14.375	2	1	1438	6	1	28	2292
14.385	2	1	1439	6	1	28	2292
14.395	2	1	1440	6	1	28	2292
14.405	2	1	1441	6	1	28	2292
14.415	2	1	1442	6	1	28	2292
14.425	2	1	1443	6	1	28	2292
14.435	2	1	1444	6	1	28	2292
14.445	2	1	1445	6	1	28	2292
14.455	2	1	1446	6	1	28	2292
14.465	2	1	1447	6	1	28	2292
14.475	2	1	1448	6	1	28	2292
14.485	2	1	1449	6	1	28	2292
14.495	2	1	1450	6	1	28	2292
14.505	2	1	1451	6	1	28	2292
14.515	2	1	1452	6	1	28	2292
14.525	2	1	1453	6	1	28	2292
14.535	2	1	1454	6	1	28	2292
14.545	2	1	1455	6	1	28	2292
14.555	2	1	1456	6	1	28	2292
14.565	2	1	1457	6	1	28	2292
14.575	2	1	1458	6	1	28	2292
14.585	2	1	1459	6	1	28	2292
14.595	2	1	1460	6	1	28	2292
14.605	2	1	1461	6	1	28	2292
14.615	2	1	1462	6	1	28	2292
14.625	2	1	1463	6	1	28	2292
14.635	2	1	1464	6	1	28	2292
14.645	2	1	1465	6	1	28	2292
14.655	2	1	1466	6	1	28	2292
14.665	2	1	1467	6	1	28	2292
14.675	2	1	1468	6	1	28	2292
14.685	2	1	1469	6	1	28	2292
14.695	2	1	1470	6	1	28	2292
14.705	2	1	1471	6	1	28	2292
14.715	2	1	1472	6	1	28	2292
14.725	2	1	1473	6	1	28	2292
14.735	2	1	1474	6	1	28	2292
14.745	2	1	1475	6	1	28	2292
14.755	2	1	1476	6	1	28	2292
14.765	2	1	1477	6	1	28	2292
14.775	2	1	1478	6	1	28	2292
14.785	2	1	1479	6	1	28	2292
14.795	2	1	1480	6	1	28	2292
14.805	2	1	1481	6	1	28	2292
14.815	2	1	1482	6	1	28	2292
14.825	2	1	1483	6	1	28	2292
14.835	2	1	1484	6	1	28	2292
14.845	2	1	1485	6	1	28	2292
14.855	2	1	1486	6	1	28	2292
14.865	2	1	1487	6	1	28	2292
14.875	2	1	1488	6	1	28	2292
14.885	2	1	1489	6	1	28	2292
14.895	2	1	1490	6	1	28	2292
14.905	2	1	1491	6	1	28	2292
14.915	2	1	1492	6	1	28	2292
14.925	2	1	1493	6	1	28	2292
14.935	2	1	1494	6	1	28	2292
14.945	2	1	1495	6	1	28	2292
14.955	2	1	1496	6	1	28	2292
14.965	2	1	1497	6	1	28	2292
14.975	2	1	1498	6	1	28	2292
14.985	2	1	1499	6	1	28	2292
14.995	2	1	1500	6	1	28	2292
15.005	2	1	1501	6	1	28	2292
15.015	2	1	1502	6	1	28	2292
15.025	2	1	1503	6	1	28	2292
15.035	2	1	1504	6	1	28	2292
15.045	2	1	1505	6	1	28	2292
15.055	2	1	1506	6	1	28	2292
15.065	2	1	1507	6	1	28	2292
15.075	2	1	1508	6	1	28	2292
15.085	2	1	1509	6	1	28	2292
15.095	2	1	1510	6	1	28	2292
15.105	2	1	1511	6	1	28	2292
15.115	2	1	1512	6	1	28	2292
15.125	2	1	1513	6	1	28	2292
15.135	2	1	1514	6	1	28	2292
15.145	2	1	1515	6	1	28	2292
15.155	2	1	1516	6	1	28	2292
15.165	2	1	1517	6	1	28	2292
15.175	2	1	1518	6	1	28	2292
15.185	2	1	1519	6	1	28	2292
15.195	2	1	1520	6	1	28	2292
15.205	2	1	1521	6	1	28	2292
15.215	2	1	1522	6	1	28	2292
15.225	2	1	1523	6	1	28	2292
15.235	2	1	1524	6	1	28	2292
15.245	2	1	1525	6	1	28	2292
15.255	2	1	1526	6	1	28	2292
15.265	2	1	1527	6	1	28	2292
15.275	2	1	1528	6	1	28	2292
15.285	2	1	1529	6	1	28	2292
15.295	2	1	1530	6	1	28	2292
15.305	2	1	1531	6	1	28	2292
15.315	2	1	1532	6	1	28	2292
15.325	2	1	1533	6	1	28	2292
15.335	2	1	1534	6	1	28	2292
15.345	2	1	1535	6	1	28	2292
15.355	2	1	1536	6	1	28	2292
15.365	2	1	1537	6	1	28	2292
15.375	2	1	1538	6	1	28	2292
15.385	2	1	1539	6	1	28	2292
15.395	2	1	1540	6	1	28	2292
15.405	2	1	1541	6	1	28	2292
15.415	2	1	1542	6	1	28	2292
15.425	2	1	1543	6	1	28	2292
15.435	2	1	1544	6	1	28	2292
15.445	2	1	1545	6	1	28	2292
15.455	2	1	1546	6	1	28	2292
15.465	2	1	1547	6	1	28	2292
15.475	2	1	1548	6	1	28	2292
15.485	2	1	1549	6	1	28	2292
15.495	2	1	1550	6	1	28	2292
15.505	2	1	1551	6	1	28	2292
15.515	2	1	1552	6	1	28	2292
15.525	2	1	1553	6	1	28	2292
15.535	2	1	1554	6	1	28	2292
15.545	2	1	1555	6	1	28	2292
15.555	2	1	1556	6	1	28	2292
15.565	2	1	1557	6	1	28	2292
15.575	2	1	1558	6	1	28	2292
15.585	2	1	1559	6	1	28	2292
15.595	2	1	1560	6	1	28	2292
15.605	2	1	1561	6	1	28	2292
15.615	2	1	1562	6	1	28	2292
15.625	2	1	1563	6	1	28	2292
15.635	2	1	1564	6	1	28	2292
15.645	2	1	1565	6	1	28	2292
15.655	2	1	1566	6	1	28	2292
15.665	2	1	1567	6	1	28	2292
15.675	2	1	1568	6	1	28	2292
15.685	2	1	1569	6	1	28	2292
15.695	2	1	1570	6	1	28	2292
15.705	2	1	1571	6	1	28	2292
15.715	2	1	1572	6	1	28	2292
15.725	2	1	1573	6	1	28	2292
15.735	2	1	1574	6	1	28	2292
15.745	2	1	1575	6	1	28	2292
15.755	2	1	1576	6	1	28	2292
15.765	2	1	1577	6	1	28	2292
15.775	2	1	1578	6	1	28	2292
15.785	2	1	1579	6	1	28	2292
15.795	2	1	1580	6	1	28	2292
15.805	2	1	1581	6	1	28	2292
15.815	2	1	1582	6	1	28	2292
15.825	2	1	1583	6	1	28	2292
15.835	2	1	1584	6	1	28	2292
15.845	2	1	1585	6	1	28	2292
15.855	2	1	1586	6	1	28	2292
15.865	2	1	1587	6	1	28	2292
15.875	2	1	1588	6	1	28	2292
15.885	2	1	1589	6	1	28	2292
15.895	2	1	1590	6	1	28	2292
15.905	2	1	1591	6	1	28	2292
15.915	2	1	1592	6	1	28	2292
15.925	2	1	1593	6	1	28	2292
15.935	2	1	1594	6	1	28	2292
15.945	2	1	1595	6	1	28	2292
15.955	2	1	1596	6	1	28	2292
15.965	2	1	1597	6	1	28	2292
15.975	2	1	1598	6	1	28	2292
15.985	2	1	1599	6	1	28	2292
15.995	2	1	1600	6	1	28	2292
16.005	2	1	1601	6	1	28	2292
16.015	2	1	1602	6	1	28	2292
16.025	2	1	1603	6	1	28	2292
16.035	2	1	1604	6	1	28	2292
16.045	2	1	1605	6	1	28	2292
16.055	2	1	1606	6	1	28	2292
16.065	2	1	1607	6	1	28	2292
16.075	2	1	1608	6	1	28	2292
16.085	2	1	1609	6	1	28	2292
16.095	2	1	1610	6	1	28	2292
16.105	2	1	1611	6	1	28	2292
16.115	2	1	1612	6	1	28	2292
16.125	2	1	1613	6	1	28	2292
16.135	2	1	1614	6	1	28	2292
16.145	2	1	1615	6	1	28	2292
16.155	2	1	1616	6	1	28	2292
16.165	2	1	1617	6	1	28	2292
16.175	2	1	1618	6	1	28	2292
16.185	2	1	1619	6	1	28	2292
16.195	2	1	1620	6	1	28	2292
16.205	2	1	1621	6	1	28	2292
16.215	2	1	1622	6	1	28	2292
16.225	2	1	1623	6	1	28	2292
16.235	2	1	1624	6	1	28	2292
16.245	2	1	1625	6	1	28	2292
16.255	2	1	1626	6	1	28	2292
16.265	2	1	1627	6	1	28	2292
16.275	2	1	1628	6	1	28	2292
16.285	2	1	1629	6	1	28	2292
16.295	2	1	1630	6	1	28	2292
16.305	2	1	1631	6	1	28	2292
16.315	2	1	1632	6	1	28	2292
16.325	2	1	1633	6	1	28	2292
16.335	2	1	1634	6	1	28	2292
16.345	2	1	1635	6	1	28	2292
16.355	2	1	1636	6	1	28	2292
16.365	2	1	1637	6	1	28	2292
16.375	2	1	1638	6	1	28	2292
16.385	2	1	1639	6	1	28	2292
16.395	2	1	1640	6	1	28	2292
16.405	2	1	1641	6	1	28	2292
16.415	2	1	1642	6	1	28	2292
16.425	2	1	1643	6	1	28	2292
16.435	2	1	1644	6	1	28	2292
16.445	2	1	1645	6	1	28	2292
16.455	2	1	1646	6	1	28	2292
16.465	2	1	1647	6	1	28	2292
16.475	2	1	1648	6	1	28	2292
16.495	3	1	1650	6	1	0	85
16.496	3	1	1650	7	1	0	85
16.497	3	1	1650	8	1	0	85
16.498	3	1	1650	9	1	0	85
16.499	3	1	1650	10	1	0	85
16.5	3	1	1651	1	1	0	85
16.501	3	1	1651	2	1	0	85
16.502	3	1	1651	3	1	28	2292
16.505	3	1	1651	6	1	28	2292
16.515	3	1	1652	6	1	28	2292
16.525	3	1	1653	6	1	28	2292
16.535	3	1	1654	6	1	28	2292
16.545	3	1	1655	6	1	28	2292
16.555	3	1	1656	6	1	28	2292
16.565	3	1	1657	6	1	28	2292
16.575	3	1	1658	6	1	28	2292
16.585	3	1	1659	6	1	28	2292
16.595	3	1	1660	6	1	28	2292
16.605	3	1	1661	6	1	28	2292
16.615	3	1	1662	6	1	28	2292
16.625	3	1	1663	6	1	28	2292
16.635	3	1	1664	6	1	28	2292
16.645	3	1	1665	6	1	28	2292
16.655	3	1	1666	6	1	28	2292
16.665	3	1	1667	6	1	28	2292
16.675	3	1	1668	6	1	28	2292
16.685	3	1	1669	6	1	28	2292
16.695	3	1	1670	6	1	28	2292
16.705	3	1	1671	6	1	28	2292
16.715	3	1	1672	6	1	28	2292
16.725	3	1	1673	6	1	28	2292
16.735	3	1	1674	6	1	28	2292
16.745	3	1	1675	6	1	28	2292
16.755	3	1	1676	6	1	28	2292
16.765	3	1	1677	6	1	28	2292
16.775	3	1	1678	6	1	28	2292
16.785	3	1	1679	6	1	28	2292
16.795	3	1	1680	6	1	28	2292
16.805	3	1	1681	6	1	28	2292
16.815	3	1	1682	6	1	28	2292
16.825	3	1	1683	6	1	28	2292
16.835	3	1	1684	6	1	28	2292
16.845	3	1	1685	6	1	28	2292
16.855	3	1	1686	6	1	28	2292
16.865	3	1	1687	6	1	28	2292
16.875	3	1	1688	6	1	28	2292
16.885	3	1	1689	6	1	28	2292
16.895	3	1	1690	6	1	28	2292
16.905	3	1	1691	6	1	28	2292
16.915	3	1	1692	6	1	28	2292
16.925	3	1	1693	6	1	28	2292
16.935	3	1	1694	6	1	28	2292
16.945	3	1	1695	6	1	28	2292
16.955	3	1	1696	6	1	28	2292
16.965	3	1	1697	6	1	28	2292
16.975	3	1	1698	6	1	28	2292
16.985	3	1	1699	6	1	28	2292
16.995	3	1	1700	6	1	28	2292
17.005	3	1	1701	6	1	28	2292
17.015	3	1	1702	6	1	28	2292
17.025	3	1	1703	6	1	28	2292
17.035	3	1	1704	6	1	28	2292
17.045	3	1	1705	6	1	28	2292
17.055	3	1	1706	6	1	28	2292
17.065	3	1	1707	6	1	28	2292
17.075	3	1	1708	6	1	28	2292
17.085	3	1	1709	6	1	28	2292
17.095	3	1	1710	6	1	28	2292
17.105	3	1	1711	6	1	28	2292
17.115	3	1	1712	6	1	28	2292
17.125	3	1	1713	6	1	28	2292
17.135	3	1	1714	6	1	28	2292
17.145	3	1	1715	6	1	28	2292
17.155	3	1	1716	6	1	28	2292
17.165	3	1	1717	6	1	28	2292
17.175	3	1	1718	6	1	28	2292
17.185	3	1	1719	6	1	28	2292
17.195	3	1	1720	6	1	28	2292
17.205	3	1	1721	6	1	28	2292
17.215	3	1	1722	6	1	28	2292
17.225	3	1	1723	6	1	28	2292
17.235	3	1	1724	6	1	28	2292
17.245	3	1	1725	6	1	28	2292
17.255	3	1	1726	6	1	28	2292
17.265	3	1	1727	6	1	28	2292
17.275	3	1	1728	6	1	28	2292
17.285	3	1	1729	6	1	28	2292
17.295	3	1	1730	6	1	28	2292
17.305	3	1	1731	6	1	28	2292
17.315	3	1	1732	6	1	28	2292
17.325	3	1	1733	6	1	28	2292
17.335	3	1	1734	6	1	28	2292
17.345	3	1	1735	6	1	28	2292
17.355	3	1	1736	6	1	28	2292
17.365	3	1	1737	6	1	28	2292
17.375	3	1	1738	6	1	28	2292
17.385	3	1	1739	6	1	28	2292
17.395	3	1	1740	6	1	28	2292
17.405	3	1	1741	6	1	28	2292
17.415	3	1	1742	6	1	28	2292
17.425	3	1	1743	6	1	28	2292
17.435	3	1	1744	6	1	28	2292
17.445	3	1	1745	6	1	28	2292
17.455	3	1	1746	6	1	28	2292
17.465	3	1	1747	6	1	28	2292
17.475	3	1	1748	6	1	28	2292
17.485	3	1	1749	6	1	28	2292
17.495	3	1	1750	6	1	28	2292
17.505	3	1	1751	6	1	28	2292
17.515	3	1	1752	6	1	28	2292
17.525	3	1	1753	6	1	28	2292
17.535	3	1	1754	6	1	28	2292
17.545	3	1	1755	6	1	28	2292
17.555	3	1	1756	6	1	28	2292
17.565	3	1	1757	6	1	28	2292
17.575	3	1	1758	6	1	28	2292
17.585	3	1	1759	6	1	28	2292
17.595	3	1	1760	6	1	28	2292
17.605	3	1	1761	6	1	28	2292
17.615	3	1	1762	6	1	28	2292
17.625	3	1	1763	6	1	28	2292
17.635	3	1	1764	6	1	28	2292
17.645	3	1	1765	6	1	28	2292
17.655	3	1	1766	6	1	28	2292
17.665	3	1	1767	6	1	28	2292
17.675	3	1	1768	6	1	28	2292
17.685	3	1	1769	6	1	28	2292
17.695	3	1	1770	6	1	28	2292
17.705	3	1	1771	6	1	28	2292
17.715	3	1	1772	6	1	28	2292
17.725	3	1	1773	6	1	28	2292
17.735	3	1	1774	6	1	28	2292
17.745	3	1	1775	6	1	28	2292
17.755	3	1	1776	6	1	28	2292
17.765	3	1	1777	6	1	28	2292
17.775	3	1	1778	6	1	28	2292
17.785	3	1	1779	6	1	28	2292
17.795	3	1	1780	6	1	28	2292
17.805	3	1	1781	6	1	28	2292
17.815	3	1	1782	6	1	28	2292
17.825	3	1	1783	6	1	28	2292
17.835	3	1	1784	6	1	28	2292
17.845	3	1	1785	6	1	28	2292
17.855	3	1	1786	6	1	28	2292
17.865	3	1	1787	6	1	28	2292
17.875	3	1	1788	6	1	28	2292
17.885	3	1	1789	6	1	28	2292
17.895	3	1	1790	6	1	28	2292
17.905	3	1	1791	6	1	28	2292
17.915	3	1	1792	6	1	28	2292
17.925	3	1	1793	6	1	28	2292
17.935	3	1	1794	6	1	28	2292
17.945	3	1	1795	6	1	28	2292
17.955	3	1	1796	6	1	28	2292
17.965	3	1	1797	6	1	28	2292
17.975	3	1	1798	6	1	28	2292
17.985	3	1	1799	6	1	28	2292
17.995	3	1	1800	6	1	28	2292
18.005	3	1	1801	6	1	28	2292
18.015	3	1	1802	6	1	28	2292
18.025	3	1	1803	6	1	28	2292
18.035	3	1	1804	6	1	28	2292
18.045	3	1	1805	6	1	28	2292
18.055	3	1	1806	6	1	28	2292
18.065	3	1	1807	6	1	28	2292
18.075	3	1	1808	6	1	28	2292
18.085	3	1	1809	6	1	28	2292
18.095	3	1	1810	6	1	28	2292
18.105	3	1	1811	6	1	28	2292
18.115	3	1	1812	6	1	28	2292
18.125	3	1	1813	6	1	28	2292
18.135	3	1	1814	6	1	28	2292
18.145	3	1	1815	6	1	28	2292
18.155	3	1	1816	6	1	28	2292
18.165	3	1	1817	6	1	28	2292
18.175	3	1	1818	6	1	28	2292
18.185	3	1	1819	6	1	28	2292
18.195	3	1	1820	6	1	28	2292
18.205	3	1	1821	6	1	28	2292
18.215	3	1	1822	6	1	28	2292
18.225	3	1	1823	6	1	28	2292
18.235	3	1	1824	6	1	28	2292
18.245	3	1	1825	6	1	28	2292
18.255	3	1	1826	6	1	28	2292
18.265	3	1	1827	6	1	28	2292
18.275	3	1	1828	6	1	28	2292
18.285	3	1	1829	6	1	28	2292
18.295	3	1	1830	6	1	28	2292
18.305	3	1	1831	6	1	28	2292
18.315	3	1	1832	6	1	28	2292
18.325	3	1	1833	6	1	28	2292
18.335	3	1	1834	6	1	28	2292
18.345	3	1	1835	6	1	28	2292
18.355	3	1	1836	6	1	28	2292
18.365	3	1	1837	6	1	28	2292
18.375	3	1	1838	6	1	28	2292
18.385	3	1	1839	6	1	28	2292
18.395	3	1	1840	6	1	28	2292
18.405	3	1	1841	6	1	28	2292
18.415	3	1	1842	6	1	28	2292
18.425	3	1	1843	6	1	28	2292
18.435	3	1	1844	6	1	28	2292
18.445	3	1	1845	6	1	28	2292
18.455	3	1	1846	6	1	28	2292
18.465	3	1	1847	6	1	28	2292
18.475	3	1	1848	6	1	28	2292
18.485	3	1	1849	6	1	28	2292
18.495	3	1	1850	6	1	28	2292
18.505	3	1	1851	6	1	28	2292
18.515	3	1	1852	6	1	28	2292
18.525	3	1	1853	6	1	28	2292
18.535	3	1	1854	6	1	28	2292
18.545	3	1	1855	6	1	28	2292
18.555	3	1	1856	6	1	28	2292
18.565	3	1	1857	6	1	28	2292
18.575	3	1	1858	6	1	28	2292
18.585	3	1	1859	6	1	28	2292
18.595	3	1	1860	6	1	28	2292
18.605	3	1	1861	6	1	28	2292
18.615	3	1	1862	6	1	28	2292
18.625	3	1	1863	6	1	28	2292
18.635	3	1	1864	6	1	28	2292
18.645	3	1	1865	6	1	28	2292
18.655	3	1	1866	6	1	28	2292
18.665	3	1	1867	6	1	28	2292
18.675	3	1	1868	6	1	28	2292
18.685	3	1	1869	6	1	28	2292
18.695	3	1	1870	6	1	28	2292
18.705	3	1	1871	6	1	28	2292
18.715	3	1	1872	6	1	28	2292
18.725	3	1	1873	6	1	28	2292
18.735	3	1	1874	6	1	28	2292
18.745	3	1	1875	6	1	28	2292
18.755	3	1	1876	6	1	28	2292
18.765	3	1	1877	6	1	28	2292
18.775	3	1	1878	6	1	28	2292
18.785	3	1	1879	6	1	28	2292
18.795	3	1	1880	6	1	28	2292
18.805	3	1	1881	6	1	28	2292
18.815	3	1	1882	6	1	28	2292
18.825	3	1	1883	6	1	28	2292
18.835	3	1	1884	6	1	28	2292
18.845	3	1	1885	6	1	28	2292
18.855	3	1	1886	6	1	28	2292
18.865	3	1	1887	6	1	28	2292
18.875	3	1	1888	6	1	28	2292
18.885	3	1	1889	6	1	28	2292
18.895	3	1	1890	6	1	28	2292
18.905	3	1	1891	6	1	28	2292
18.915	3	1	1892	6	1	28	2292
18.925	3	1	1893	6	1	28	2292
18.935	3	1	1894	6	1	28	2292
18.945	3	1	1895	6	1	28	2292
18.955	3	1	1896	6	1	28	2292
18.965	3	1	1897	6	1	28	2292
18.975	3	1	1898	6	1	28	2292
18.985	3	1	1899	6	1	28	2292
18.995	3	1	1900	6	1	28	2292
19.015	4	1	1902	6	1	0	85
19.016	4	1	1902	7	1	0	85
19.017	4	1	1902	8	1	0	85
19.018	4	1	1902	9	1	0	85
19.019	4	1	1902	10	1	0	85
19.02	4	1	1903	1	1	0	85
19.021	4	1	1903	2	1	0	85
19.022	4	1	1903	3	1	28	2292
19.025	4	1	1903	6	1	28	2292
19.035	4	1	1904	6	1	28	2292
19.045	4	1	1905	6	1	28	2292
19.055	4	1	1906	6	1	28	2292
19.065	4	1	1907	6	1	28	2292
19.075	4	1	1908	6	1	28	2292
19.085	4	1	1909	6	1	28	2292
19.095	4	1	1910	6	1	28	2292
19.105	4	1	1911	6	1	28	2292
19.115	4	1	1912	6	1	28	2292
19.125	4	1	1913	6	1	28	2292
19.135	4	1	1914	6	1	28	2292
19.145	4	1	1915	6	1	28	2292
19.155	4	1	1916	6	1	28	2292
19.165	4	1	1917	6	1	28	2292
19.175	4	1	1918	6	1	28	2292
19.185	4	1	1919	6	1	28	2292
19.195	4	1	1920	6	1	28	2292
19.205	4	1	1921	6	1	28	2292
19.215	4	1	1922	6	1	28	2292
19.225	4	1	1923	6	1	28	2292
19.235	4	1	1924	6	1	28	2292
19.245	4	1	1925	6	1	28	2292
19.255	4	1	1926	6	1	28	2292
19.265	4	1	1927	6	1	28	2292
19.275	4	1	1928	6	1	28	2292
19.285	4	1	1929	6	1	28	2292
19.295	4	1	1930	6	1	28	2292
19.305	4	1	1931	6	1	28	2292
19.315	4	1	1932	6	1	28	2292
19.325	4	1	1933	6	1	28	2292
19.335	4	1	1934	6	1	28	2292
19.345	4	1	1935	6	1	28	2292
19.355	4	1	1936	6	1	28	2292
19.365	4	1	1937	6	1	28	2292
19.375	4	1	1938	6	1	28	2292
19.385	4	1	1939	6	1	28	2292
19.395	4	1	1940	6	1	28	2292
19.405	4	1	1941	6	1	28	2292
19.415	4	1	1942	6	1	28	2292
19.425	4	1	1943	6	1	28	2292
19.435	4	1	1944	6	1	28	2292
19.445	4	1	1945	6	1	28	2292
19.455	4	1	1946	6	1	28	2292
19.465	4	1	1947	6	1	28	2292
19.475	4	1	1948	6	1	28	2292
19.485	4	1	1949	6	1	28	2292
19.495	4	1	1950	6	1	28	2292
19.505	4	1	1951	6	1	28	2292
19.515	4	1	1952	6	1	28	2292
19.525	4	1	1953	6	1	28	2292
19.535	4	1	1954	6	1	28	2292
19.545	4	1	1955	6	1	28	2292
19.555	4	1	1956	6	1	28	2292
19.565	4	1	1957	6	1	28	2292
19.575	4	1	1958	6	1	28	2292
19.585	4	1	1959	6	1	28	2292
19.595	4	1	1960	6	1	28	2292
19.605	4	1	1961	6	1	28	2292
19.615	4	1	1962	6	1	28	2292
19.625	4	1	1963	6	1	28	2292
19.635	4	1	1964	6	1	28	2292
19.645	4	1	1965	6	1	28	2292
19.655	4	1	1966	6	1	28	2292
19.665	4	1	1967	6	1	28	2292
19.675	4	1	1968	6	1	28	2292
19.685	4	1	1969	6	1	28	2292
19.695	4	1	1970	6	1	28	2292
19.705	4	1	1971	6	1	28	2292
19.715	4	1	1972	6	1	28	2292
19.725	4	1	1973	6	1	28	2292
19.735	4	1	1974	6	1	28	2292
19.745	4	1	1975	6	1	28	2292
19.755	4	1	1976	6	1	28	2292
19.765	4	1	1977	6	1	28	2292
19.775	4	1	1978	6	1	28	2292
19.785	4	1	1979	6	1	28	2292
19.795	4	1	1980	6	1	28	2292
19.805	4	1	1981	6	1	28	2292
19.815	4	1	1982	6	1	28	2292
19.825	4	1	1983	6	1	28	2292
19.835	4	1	1984	6	1	28	2292
19.845	4	1	1985	6	1	28	2292
19.855	4	1	1986	6	1	28	2292
19.865	4	1	1987	6	1	28	2292
19.875	4	1	1988	6	1	28	2292
19.885	4	1	1989	6	1	28	2292
19.895	4	1	1990	6	1	28	2292
19.905	4	1	1991	6	1	28	2292
19.915	4	1	1992	6	1	28	2292
19.925	4	1	1993	6	1	28	2292
19.935	4	1	1994	6	1	28	2292
19.945	4	1	1995	6	1	28	2292
19.955	4	1	1996	6	1	28	2292
19.965	4	1	1997	6	1	28	2292
19.975	4	1	1998	6	1	28	2292
19.985	4	1	1999	6	1	28	2292
19.995	4	1	2000	6	1	28	2292
20.005	4	1	2001	6	1	28	2292
20.015	4	1	2002	6	1	28	2292
20.025	4	1	2003	6	1	28	2292
20.035	4	1	2004	6	1	28	2292
20.045	4	1	2005	6	1	28	2292
20.055	4	1	2006	6	1	28	2292
20.065	4	1	2007	6	1	28	2292
20.075	4	1	2008	6	1	28	2292
20.085	4	1	2009	6	1	28	2292
20.095	4	1	2010	6	1	28	2292
20.105	4	1	2011	6	1	28	2292
20.115	4	1	2012	6	1	28	2292
20.125	4	1	2013	6	1	28	2292
20.135	4	1	2014	6	1	28	2292
20.145	4	1	2015	6	1	28	2292
20.155	4	1	2016	6	1	28	2292
20.165	4	1	2017	6	1	28	2292
20.175	4	1	2018	6	1	28	2292
20.185	4	1	2019	6	1	28	2292
20.195	4	1	2020	6	1	28	2292
20.205	4	1	2021	6	1	28	2292
20.215	4	1	2022	6	1	28	2292
20.225	4	1	2023	6	1	28	2292
20.235	4	1	2024	6	1	28	2292
20.245	4	1	2025	6	1	28	2292
20.255	4	1	2026	6	1	28	2292
20.265	4	1	2027	6	1	28	2292
20.275	4	1	2028	6	1	28	2292
20.285	4	1	2029	6	1	28	2292
20.295	4	1	2030	6	1	28	2292
20.305	4	1	2031	6	1	28	2292
20.315	4	1	2032	6	1	28	2292
20.325	4	1	2033	6	1	28	2292
20.335	4	1	2034	6	1	28	2292
20.345	4	1	2035	6	1	28	2292
20.355	4	1	2036	6	1	28	2292
20.365	4	1	2037	6	1	28	2292
20.375	4	1	2038	6	1	28	2292
20.385	4	1	2039	6	1	28	2292
20.395	4	1	2040	6	1	28	2292
20.405	4	1	2041	6	1	28	2292
20.415	4	1	2042	6	1	28	2292
20.425	4	1	2043	6	1	28	2292
20.435	4	1	2044	6	1	28	2292
20.445	4	1	2045	6	1	28	2292
20.455	4	1	2046	6	1	28	2292
20.465	4	1	2047	6	1	28	2292
20.475	4	1	2048	6	1	28	2292
20.485	4	1	2049	6	1	28	2292
20.495	4	1	2050	6	1	28	2292
20.505	4	1	2051	6	1	28	2292
20.515	4	1	2052	6	1	28	2292
20.525	4	1	2053	6	1	28	2292
20.535	4	1	2054	6	1	28	2292
20.545	4	1	2055	6	1	28	2292
20.555	4	1	2056	6	1	28	2292
20.565	4	1	2057	6	1	28	2292
20.575	4	1	2058	6	1	28	2292
20.585	4	1	2059	6	1	28	2292
20.595	4	1	2060	6	1	28	2292
20.605	4	1	2061	6	1	28	2292
20.615	4	1	2062	6	1	28	2292
20.625	4	1	2063	6	1	28	2292
20.635	4	1	2064	6	1	28	2292
20.645	4	1	2065	6	1	28	2292
20.655	4	1	2066	6	1	28	2292
20.665	4	1	2067	6	1	28	2292
20.675	4	1	2068	6	1	28	2292
20.685	4	1	2069	6	1	28	2292
20.695	4	1	2070	6	1	28	2292
20.705	4	1	2071	6	1	28	2292
20.715	4	1	2072	6	1	28	2292
20.725	4	1	2073	6	1	28	2292
20.735	4	1	2074	6	1	28	2292
20.745	4	1	2075	6	1	28	2292
20.755	4	1	2076	6	1	28	2292
20.765	4	1	2077	6	1	28	2292
20.775	4	1	2078	6	1	28	2292
20.785	4	1	2079	6	1	28	2292
20.795	4	1	2080	6	1	28	2292
20.805	4	1	2081	6	1	28	2292
20.815	4	1	2082	6	1	28	2292
20.825	4	1	2083	6	1	28	2292
20.835	4	1	2084	6	1	28	2292
20.845	4	1	2085	6	1	28	2292
20.855	4	1	2086	6	1	28	2292
20.865	4	1	2087	6	1	28	2292
20.875	4	1	2088	6	1	28	2292
20.885	4	1	2089	6	1	28	2292
20.895	4	1	2090	6	1	28	2292
20.905	4	1	2091	6	1	28	2292
20.915	4	1	2092	6	1	28	2292
20.925	4	1	2093	6	1	28	2292
20.935	4	1	2094	6	1	28	2292
20.945	4	1	2095	6	1	28	2292
20.955	4	1	2096	6	1	28	2292
20.965	4	1	2097	6	1	28	2292
20.975	4	1	2098	6	1	28	2292
20.985	4	1	2099	6	1	28	2292
20.995	4	1	2100	6	1	28	2292
21.005	4	1	2101	6	1	28	2292
21.015	4	1	2102	6	1	28	2292
21.025	4	1	2103	6	1	28	2292
21.035	4	1	2104	6	1	28	2292
21.045	4	1	2105	6	1	28	2292
21.055	4	1	2106	6	1	28	2292
21.065	4	1	2107	6	1	28	2292
21.075	4	1	2108	6	1	28	2292
21.085	4	1	2109	6	1	28	2292
21.095	4	1	2110	6	1	28	2292
21.105	4	1	2111	6	1	28	2292
21.115	4	1	2112	6	1	28	2292
21.125	4	1	2113	6	1	28	2292
21.135	4	1	2114	6	1	28	2292
21.145	4	1	2115	6	1	28	2292
21.155	4	1	2116	6	1	28	2292
21.165	4	1	2117	6	1	28	2292
21.175	4	1	2118	6	1	28	2292
21.185	4	1	2119	6	1	28	2292
21.195	4	1	2120	6	1	28	2292
21.205	4	1	2121	6	1	28	2292
21.215	4	1	2122	6	1	28	2292
21.225	4	1	2123	6	1	28	2292
21.235	4	1	2124	6	1	28	2292
21.245	4	1	2125	6	1	28	2292
21.255	4	1	2126	6	1	28	2292
21.265	4	1	2127	6	1	28	2292
21.275	4	1	2128	6	1	28	2292
21.285	4	1	2129	6	1	28	2292
21.295	4	1	2130	6	1	28	2292
21.305	4	1	2131	6	1	28	2292
21.315	4	1	2132	6	1	28	2292
21.325	4	1	2133	6	1	28	2292
21.335	4	1	2134	6	1	28	2292
21.345	4	1	2135	6	1	28	2292
21.355	4	1	2136	6	1	28	2292
21.365	4	1	2137	6	1	28	2292
21.375	4	1	2138	6	1	28	2292
21.385	4	1	2139	6	1	28	2292
21.395	4	1	2140	6	1	28	2292
21.405	4	1	2141	6	1	28	2292
21.415	4	1	2142	6	1	28	2292
21.425	4	1	2143	6	1	28	2292
21.435	4	1	2144	6	1	28	2292
21.445	4	1	2145	6	1	28	2292
21.455	4	1	2146	6	1	28	2292
21.465	4	1	2147	6	1	28	2292
21.475	4	1	2148	6	1	28	2292
21.485	4	1	2149	6	1	28	2292
21.495	4	1	2150	6	1	28	2292
21.505	4	1	2151	6	1	28	2292
21.515	4	1	2152	6	1	28	2292
21.525	4	1	2153	6	1	28	2292
21.535	4	1	2154	6	1	28	2292
21.545	4	1	2155	6	1	28	2292
21.555	4	1	2156	6	1	28	2292
21.565	4	1	2157	6	1	28	2292
21.575	4	1	2158	6	1	28	2292
21.585	4	1	2159	6	1	28	2292
21.595	4	1	2160	6	1	28	2292
21.605	4	1	2161	6	1	28	2292
21.615	4	1	2162	6	1	28	2292
21.625	4	1	2163	6	1	28	2292
21.635	4	1	2164	6	1	28	2292
21.645	4	1	2165	6	1	28	2292
21.655	4	1	2166	6	1	28	2292
21.665	4	1	2167	6	1	28	2292
21.675	4	1	2168	6	1	28	2292
21.685	4	1	2169	6	1	28	2292
21.695	4	1	2170	6	1	28	2292
21.705	4	1	2171	6	1	28	2292
21.715	4	1	2172	6	1	28	2292
21.725	4	1	2173	6	1	28	2292
21.735	4	1	2174	6	1	28	2292
21.745	4	1	2175	6	1	28	2292
21.755	4	1	2176	6	1	28	2292
21.765	4	1	2177	6	1	28	2292
21.775	4	1	2178	6	1	28	2292
21.785	4	1	2179	6	1	28	2292
21.795	4	1	2180	6	1	28	2292
21.805	4	1	2181	6	1	28	2292
21.815	4	1	2182	6	1	28	2292
21.825	4	1	2183	6	1	28	2292
21.835	4	1	2184	6	1	28	2292
21.845	4	1	2185	6	1	28	2292
21.855	4	1	2186	6	1	28	2292
21.865	4	1	2187	6	1	28	2292
21.875	4	1	2188	6	1	28	2292
21.885	4	1	2189	6	1	28	2292
21.895	4	1	2190	6	1	28	2292
21.905	4	1	2191	6	1	28	2292
21.915	4	1	2192	6	1	28	2292
21.925	4	1	2193	6	1	28	2292
21.935	4	1	2194	6	1	28	2292
21.945	4	1	2195	6	1	28	2292
21.955	4	1	2196	6	1	28	2292
21.965	4	1	2197	6	1	28	2292
21.975	4	1	2198	6	1	28	2292
21.985	4	1	2199	6	1	28	2292
21.995	4	1	2200	6	1	28	2292
22.005	4	1	2201	6	1	28	2292
22.015	4	1	2202	6	1	28	2292
22.025	4	1	2203	6	1	28	2292
22.035	4	1	2204	6	1	28	2292
22.045	4	1	2205	6	1	28	2292
22.055	4	1	2206	6	1	28	2292
22.065	4	1	2207	6	1	28	2292
22.075	4	1	2208	6	1	28	2292
22.085	4	1	2209	6	1	28	2292
22.095	4	1	2210	6	1	28	2292
22.105	4	1	2211	6	1	28	2292
22.115	4	1	2212	6	1	28	2292
22.125	4	1	2213	6	1	28	2292
22.135	4	1	2214	6	1	28	2292
22.145	4	1	2215	6	1	28	2292
22.155	4	1	2216	6	1	28	2292
22.165	4	1	2217	6	1	28	2292
22.175	4	1	2218	6	1	28	2292
22.185	4	1	2219	6	1	28	2292
22.195	4	1	2220	6	1	28	2292
22.205	4	1	2221	6	1	28	2292
22.215	4	1	2222	6	1	28	2292
22.225	4	1	2223	6	1	28	2292
22.235	4	1	2224	6	1	28	2292
22.245	4	1	2225	6	1	28	2292
22.255	4	1	2226	6	1	28	2292
22.265	4	1	2227	6	1	28	2292
22.275	4	1	2228	6	1	28	2292
22.285	4	1	2229	6	1	28	2292
22.295	4	1	2230	6	1	28	2292
22.305	4	1	2231	6	1	28	2292
22.315	4	1	2232	6	1	28	2292
22.325	4	1	2233	6	1	28	2292
22.335	4	1	2234	6	1	28	2292
22.345	4	1	2235	6	1	28	2292
22.355	4	1	2236	6	1	28	2292
22.365	4	1	2237	6	1	28	2292
22.375	4	1	2238	6	1	28	2292
22.385	4	1	2239	6	1	28	2292
22.395	4	1	2240	6	1	28	2292
22.405	4	1	2241	6	1	28	2292
22.415	4	1	2242	6	1	28	2292
22.425	4	1	2243	6	1	28	2292
22.435	4	1	2244	6	1	28	2292
22.445	4	1	2245	6	1	28	2292
22.455	4	1	2246	6	1	28	2292
22.465	4	1	2247	6	1	28	2292
22.475	4	1	2248	6	1	28	2292
22.485	4	1	2249	6	1	28	2292
22.495	4	1	2250	6	1	28	2292
22.505	4	1	2251	6	1	28	2292
22.515	4	1	2252	6	1	28	2292
22.525	4	1	2253	6	1	28	2292
22.535	4	1	2254	6	1	28	2292
22.545	4	1	2255	6	1	28	2292
22.555	4	1	2256	6	1	28	2292
22.565	4	1	2257	6	1	28	2292
22.575	4	1	2258	6	1	28	2292
22.585	4	1	2259	6	1	28	2292
22.595	4	1	2260	6	1	28	2292
22.605	4	1	2261	6	1	28	2292
22.615	4	1	2262	6	1	28	2292
22.625	4	1	2263	6	1	28	2292
22.635	4	1	2264	6	1	28	2292
22.645	4	1	2265	6	1	28	2292
22.655	4	1	2266	6	1	28	2292
22.665	4	1	2267	6	1	28	2292
22.675	4	1	2268	6	1	28	2292
22.685	4	1	2269	6	1	28	2292
22.695	4	1	2270	6	1	28	2292
22.705	4	1	2271	6	1	28	2292
22.715	4	1	2272	6	1	28	2292
22.725	4	1	2273	6	1	28	2292
22.735	4	1	2274	6	1	28	2292
22.745	4	1	2275	6	1	28	2292
22.755	4	1	2276	6	1	28	2292
22.765	4	1	2277	6	1	28	2292
22.775	4	1	2278	6	1	28	2292
22.785	4	1	2279	6	1	28	2292
22.795	4	1	2280	6	1	28	2292
22.805	4	1	2281	6	1	28	2292
22.815	4	1	2282	6	1	28	2292
22.825	4	1	2283	6	1	28	2292
22.835	4	1	2284	6	1	28	2292
22.845	4	1	2285	6	1	28	2292
22.855	4	1	2286	6	1	28	2292
22.865	4	1	2287	6	1	28	2292
22.875	4	1	2288	6	1	28	2292
22.885	4	1	2289	6	1	28	2292
22.895	4	1	2290	6	1	28	2292
22.905	4	1	2291	6	1	28	2292
22.915	4	1	2292	6	1	28	2292
22.925	4	1	2293	6	1	28	2292
22.935	4	1	2294	6	1	28	2292
22.945	4	1	2295	6	1	28	2292
22.955	4	1	2296	6	1	28	2292
22.965	4	1	2297	6	1	28	2292
22.975	4	1	2298	6	1	28	2292
22.985	4	1	2299	6	1	28	2292
22.995	4	1	2300	6	1	28	2292
23.005	4	1	2301	6	1	28	2292
23.015	4	1	2302	6	1	28	2292
23.025	4	1	2303	6	1	28	2292
23.035	4	1	2304	6	1	28	2292
23.045	4	1	2305	6	1	28	2292
23.055	4	1	2306	6	1	28	2292
23.065	4	1	2307	6	1	28	2292
23.075	4	1	2308	6	1	28	2292
23.085	4	1	2309	6	1	28	2292
23.095	4	1	2310	6	1	28	2292
23.105	4	1	2311	6	1	28	2292
23.115	4	1	2312	6	1	28	2292
23.125	4	1	2313	6	1	28	2292
23.135	4	1	2314	6	1	28	2292
23.145	4	1	2315	6	1	28	2292
23.155	4	1	2316	6	1	28	2292
23.165	4	1	2317	6	1	28	2292
23.175	4	1	2318	6	1	28	2292
23.185	4	1	2319	6	1	28	2292
23.195	4	1	2320	6	1	28	2292
23.205	4	1	2321	6	1	28	2292
23.215	4	1	2322	6	1	28	2292
23.225	4	1	2323	6	1	28	2292
23.235	4	1	2324	6	1	28	2292
23.245	4	1	2325	6	1	28	2292
23.255	4	1	2326	6	1	28	2292
23.265	4	1	2327	6	1	28	2292
23.275	4	1	2328	6	1	28	2292
23.285	4	1	2329	6	1	28	2292
23.295	4	1	2330	6	1	28	2292
23.305	4	1	2331	6	1	28	2292
23.315	4	1	2332	6	1	28	2292
23.325	4	1	2333	6	1	28	2292
23.335	4	1	2334	6	1	28	2292
23.345	4	1	2335	6	1	28	2292
23.355	4	1	2336	6	1	28	2292
23.365	4	1	2337	6	1	28	2292
23.375	4	1	2338	6	1	28	2292
23.385	4	1	2339	6	1	28	2292
23.395	4	1	2340	6	1	28	2292
23.405	4	1	2341	6	1	28	2292
23.415	4	1	2342	6	1	28	2292
23.425	4	1	2343	6	1	28	2292
23.435	4	1	2344	6	1	28	2292
23.445	4	1	2345	6	1	28	2292
23.446	4	1	2345	7	1	28	2292
23.455	4	1	2346	6	1	28	2292
23.465	4	1	2347	6	1	28	2292
23.475	4	1	2348	6	1	28	2292
23.485	4	1	2349	6	1	28	2292
23.495	4	1	2350	6	1	28	2292
23.505	4	1	2351	6	1	28	2292
23.515	4	1	2352	6	1	28	2292
23.525	4	1	2353	6	1	28	2292
23.535	4	1	2354	6	1	28	2292
23.545	4	1	2355	6	1	28	2292
23.555	4	1	2356	6	1	28	2292
23.565	4	1	2357	6	1	28	2292
23.575	4	1	2358	6	1	28	2292
23.585	4	1	2359	6	1	28	2292
23.595	4	1	2360	6	1	28	2292
23.605	4	1	2361	6	1	28	2292
23.615	4	1	2362	6	1	28	2292
23.625	4	1	2363	6	1	28	2292
23.635	4	1	2364	6	1	28	2292
23.645	4	1	2365	6	1	28	2292
23.655	4	1	2366	6	1	28	2292
23.665	4	1	2367	6	1	28	2292
23.675	4	1	2368	6	1	28	2292
23.685	4	1	2369	6	1	28	2292
23.695	4	1	2370	6	1	28	2292
23.705	4	1	2371	6	1	28	2292
23.715	4	1	2372	6	1	28	2292
23.725	4	1	2373	6	1	28	2292
23.735	4	1	2374	6	1	28	2292
23.745	4	1	2375	6	1	28	2292
23.755	4	1	2376	6	1	28	2292
23.765	4	1	2377	6	1	28	2292
23.775	4	1	2378	6	1	28	2292
23.785	4	1	2379	6	1	28	2292
23.795	4	1	2380	6	1	28	2292
23.805	4	1	2381	6	1	28	2292
23.815	4	1	2382	6	1	28	2292
23.825	4	1	2383	6	1	28	2292
23.835	4	1	2384	6	1	28	2292
23.845	4	1	2385	6	1	28	2292
23.855	4	1	2386	6	1	28	2292
23.865	4	1	2387	6	1	28	2292
23.875	4	1	2388	6	1	28	2292
23.885	4	1	2389	6	1	28	2292
23.895	4	1	2390	6	1	28	2292
23.905	4	1	2391	6	1	28	2292
23.915	4	1	2392	6	1	28	2292
23.925	4	1	2393	6	1	28	2292
23.935	4	1	2394	6	1	28	2292
23.945	4	1	2395	6	1	28	2292
23.955	4	1	2396	6	1	28	2292
23.965	4	1	2397	6	1	28	2292
23.975	4	1	2398	6	1	28	2292
23.985	4	1	2399	6	1	28	2292
23.995	4	1	2400	6	1	28	2292
24.005	4	1	2401	6	1	28	2292
24.015	4	1	2402	6	1	28	2292
24.025	4	1	2403	6	1	28	2292
24.035	4	1	2404	6	1	28	2292
24.045	4	1	2405	6	1	28	2292
24.055	4	1	2406	6	1	28	2292
24.065	4	1	2407	6	1	28	2292
24.075	4	1	2408	6	1	28	2292
24.085	4	1	2409	6	1	28	2292
24.095	4	1	2410	6	1	28	2292
24.105	4	1	2411	6	1	28	2292
24.115	4	1	2412	6	1	28	2292
24.125	4	1	2413	6	1	28	2292
24.135	4	1	2414	6	1	28	2292
24.145	4	1	2415	6	1	28	2292
24.155	4	1	2416	6	1	28	2292
24.165	4	1	2417	6	1	28	2292
24.175	4	1	2418	6	1	28	2292
24.185	4	1	2419	6	1	28	2292
24.195	4	1	2420	6	1	28	2292
24.205	4	1	2421	6	1	28	2292
24.215	4	1	2422	6	1	28	2292
24.225	4	1	2423	6	1	28	2292
24.235	4	1	2424	6	1	28	2292
24.245	4	1	2425	6	1	28	2292
24.255	4	1	2426	6	1	28	2292
24.265	4	1	2427	6	1	28	2292
24.275	4	1	2428	6	1	28	2292
24.285	4	1	2429	6	1	28	2292
24.295	4	1	2430	6	1	28	2292
24.305	4	1	2431	6	1	28	2292
24.315	4	1	2432	6	1	28	2292
24.325	4	1	2433	6	1	28	2292
24.335	4	1	2434	6	1	28	2292
24.345	4	1	2435	6	1	28	2292
24.355	4	1	2436	6	1	28	2292
24.365	4	1	2437	6	1	28	2292
24.375	4	1	2438	6	1	28	2292
24.385	4	1	2439	6	1	28	2292
24.395	4	1	2440	6	1	28	2292
24.405	4	1	2441	6	1	28	2292
24.415	4	1	2442	6	1	28	2292
24.425	4	1	2443	6	1	28	2292
24.435	4	1	2444	6	1	28	2292
24.445	4	1	2445	6	1	28	2292
24.455	4	1	2446	6	1	28	2292
24.465	4	1	2447	6	1	28	2292
24.475	4	1	2448	6	1	28	2292
24.485	4	1	2449	6	1	28	2292
24.495	4	1	2450	6	1	28	2292
24.505	4	1	2451	6	1	28	2292
24.515	4	1	2452	6	1	28	2292
24.525	4	1	2453	6	1	28	2292
24.535	4	1	2454	6	1	28	2292
24.545	4	1	2455	6	1	28	2292
24.555	4	1	2456	6	1	28	2292
24.565	4	1	2457	6	1	28	2292
24.575	4	1	2458	6	1	28	2292
24.585	4	1	2459	6	1	28	2292
24.595	4	1	2460	6	1	28	2292
24.605	4	1	2461	6	1	28	2292
24.615	4	1	2462	6	1	28	2292
24.625	4	1	2463	6	1	28	2292
24.635	4	1	2464	6	1	28	2292
24.645	4	1	2465	6	1	28	2292
24.655	4	1	2466	6	1	28	2292
24.665	4	1	2467	6	1	28	2292
24.675	4	1	2468	6	1	28	2292
24.685	4	1	2469	6	1	28	2292
24.695	4	1	2470	6	1	28	2292
24.705	4	1	2471	6	1	28	2292
24.715	4	1	2472	6	1	28	2292
24.725	4	1	2473	6	1	28	2292
24.735	4	1	2474	6	1	28	2292
24.745	4	1	2475	6	1	28	2292
24.755	4	1	2476	6	1	28	2292
24.765	4	1	2477	6	1	28	2292
24.775	4	1	2478	6	1	28	2292
24.785	4	1	2479	6	1	28	2292
24.795	4	1	2480	6	1	28	2292
24.805	4	1	2481	6	1	28	2292
24.815	4	1	2482	6	1	28	2292
24.825	4	1	2483	6	1	28	2292
24.835	4	1	2484	6	1	28	2292
24.845	4	1	2485	6	1	28	2292
24.855	4	1	2486	6	1	28	2292
24.865	4	1	2487	6	1	28	2292
24.875	4	1	2488	6	1	28	2292
24.885	4	1	2489	6	1	28	2292
24.895	4	1	2490	6	1	28	2292
24.905	4	1	2491	6	1	28	2292
24.915	4	1	2492	6	1	28	2292
24.925	4	1	2493	6	1	28	2292
24.935	4	1	2494	6	1	28	2292
24.945	4	1	2495	6	1	28	2292
24.955	4	1	2496	6	1	28	2292
24.965	4	1	2497	6	1	28	2292
24.975	4	1	2498	6	1	28	2292
24.985	4	1	2499	6	1	28	2292
24.995	4	1	2500	6	1	28	2292
