% time	cellId	IMSI	RNTI	layer	mcs	size	rv	ndi
41	1	1	1	0	0	85	0	1
42	1	1	1	0	0	85	0	1
43	1	1	1	0	0	85	0	1
44	1	1	1	0	0	85	0	1
45	1	1	1	0	0	85	0	1
46	1	1	1	0	0	85	0	1
47	1	1	1	0	28	2292	0	1
51	1	1	1	0	28	2292	0	1
61	1	1	1	0	28	2292	0	1
71	1	1	1	0	28	2292	0	1
81	1	1	1	0	28	2292	0	1
91	1	1	1	0	28	2292	0	1
101	1	1	1	0	28	2292	0	1
111	1	1	1	0	28	2292	0	1
121	1	1	1	0	28	2292	0	1
131	1	1	1	0	28	2292	0	1
141	1	1	1	0	28	2292	0	1
151	1	1	1	0	28	2292	0	1
161	1	1	1	0	28	2292	0	1
171	1	1	1	0	28	2292	0	1
181	1	1	1	0	28	2292	0	1
191	1	1	1	0	28	2292	0	1
201	1	1	1	0	28	2292	0	1
211	1	1	1	0	28	2292	0	1
221	1	1	1	0	28	2292	0	1
231	1	1	1	0	28	2292	0	1
241	1	1	1	0	28	2292	0	1
251	1	1	1	0	28	2292	0	1
261	1	1	1	0	28	2292	0	1
271	1	1	1	0	28	2292	0	1
281	1	1	1	0	28	2292	0	1
291	1	1	1	0	28	2292	0	1
301	1	1	1	0	28	2292	0	1
311	1	1	1	0	28	2292	0	1
321	1	1	1	0	28	2292	0	1
331	1	1	1	0	28	2292	0	1
341	1	1	1	0	28	2292	0	1
351	1	1	1	0	28	2292	0	1
361	1	1	1	0	28	2292	0	1
371	1	1	1	0	28	2292	0	1
381	1	1	1	0	28	2292	0	1
391	1	1	1	0	28	2292	0	1
401	1	1	1	0	28	2292	0	1
411	1	1	1	0	28	2292	0	1
421	1	1	1	0	28	2292	0	1
431	1	1	1	0	28	2292	0	1
441	1	1	1	0	28	2292	0	1
451	1	1	1	0	28	2292	0	1
461	1	1	1	0	28	2292	0	1
471	1	1	1	0	28	2292	0	1
481	1	1	1	0	28	2292	0	1
491	1	1	1	0	28	2292	0	1
501	1	1	1	0	28	2292	0	1
511	1	1	1	0	28	2292	0	1
521	1	1	1	0	28	2292	0	1
531	1	1	1	0	28	2292	0	1
541	1	1	1	0	28	2292	0	1
551	1	1	1	0	28	2292	0	1
561	1	1	1	0	28	2292	0	1
571	1	1	1	0	28	2292	0	1
581	1	1	1	0	28	2292	0	1
591	1	1	1	0	28	2292	0	1
601	1	1	1	0	28	2292	0	1
611	1	1	1	0	28	2292	0	1
621	1	1	1	0	28	2292	0	1
641	1	1	1	0	28	2292	0	1
651	1	1	1	0	28	2292	0	1
661	1	1	1	0	28	2292	0	1
671	1	1	1	0	28	2292	0	1
681	1	1	1	0	28	2292	0	1
691	1	1	1	0	28	2292	0	1
701	1	1	1	0	28	2292	0	1
711	1	1	1	0	28	2292	0	1
721	1	1	1	0	28	2292	0	1
731	1	1	1	0	28	2292	0	1
741	1	1	1	0	28	2292	0	1
751	1	1	1	0	28	2292	0	1
761	1	1	1	0	28	2292	0	1
771	1	1	1	0	28	2292	0	1
781	1	1	1	0	28	2292	0	1
791	1	1	1	0	28	2292	0	1
801	1	1	1	0	28	2292	0	1
811	1	1	1	0	28	2292	0	1
821	1	1	1	0	28	2292	0	1
831	1	1	1	0	28	2292	0	1
841	1	1	1	0	28	2292	0	1
851	1	1	1	0	28	2292	0	1
861	1	1	1	0	28	2292	0	1
871	1	1	1	0	28	2292	0	1
881	1	1	1	0	28	2292	0	1
891	1	1	1	0	28	2292	0	1
901	1	1	1	0	28	2292	0	1
911	1	1	1	0	28	2292	0	1
921	1	1	1	0	28	2292	0	1
931	1	1	1	0	28	2292	0	1
941	1	1	1	0	28	2292	0	1
951	1	1	1	0	28	2292	0	1
961	1	1	1	0	28	2292	0	1
971	1	1	1	0	28	2292	0	1
981	1	1	1	0	28	2292	0	1
991	1	1	1	0	28	2292	0	1
1001	1	1	1	0	28	2292	0	1
1011	1	1	1	0	28	2292	0	1
1021	1	1	1	0	28	2292	0	1
1031	1	1	1	0	28	2292	0	1
1041	1	1	1	0	28	2292	0	1
1051	1	1	1	0	28	2292	0	1
1061	1	1	1	0	28	2292	0	1
1071	1	1	1	0	28	2292	0	1
1081	1	1	1	0	28	2292	0	1
1091	1	1	1	0	28	2292	0	1
1101	1	1	1	0	28	2292	0	1
1111	1	1	1	0	28	2292	0	1
1121	1	1	1	0	28	2292	0	1
1131	1	1	1	0	28	2292	0	1
1141	1	1	1	0	28	2292	0	1
1151	1	1	1	0	28	2292	0	1
1161	1	1	1	0	28	2292	0	1
1171	1	1	1	0	28	2292	0	1
1181	1	1	1	0	28	2292	0	1
1191	1	1	1	0	28	2292	0	1
1201	1	1	1	0	28	2292	0	1
1211	1	1	1	0	28	2292	0	1
1221	1	1	1	0	28	2292	0	1
1231	1	1	1	0	28	2292	0	1
1241	1	1	1	0	28	2292	0	1
1251	1	1	1	0	28	2292	0	1
1261	1	1	1	0	28	2292	0	1
1271	1	1	1	0	28	2292	0	1
1281	1	1	1	0	28	2292	0	1
1291	1	1	1	0	28	2292	0	1
1301	1	1	1	0	28	2292	0	1
1311	1	1	1	0	28	2292	0	1
1321	1	1	1	0	28	2292	0	1
1331	1	1	1	0	28	2292	0	1
1341	1	1	1	0	28	2292	0	1
1351	1	1	1	0	28	2292	0	1
1361	1	1	1	0	28	2292	0	1
1371	1	1	1	0	28	2292	0	1
1381	1	1	1	0	28	2292	0	1
1391	1	1	1	0	28	2292	0	1
1401	1	1	1	0	28	2292	0	1
1411	1	1	1	0	28	2292	0	1
1421	1	1	1	0	28	2292	0	1
1431	1	1	1	0	28	2292	0	1
1441	1	1	1	0	28	2292	0	1
1451	1	1	1	0	28	2292	0	1
1461	1	1	1	0	28	2292	0	1
1471	1	1	1	0	28	2292	0	1
1481	1	1	1	0	28	2292	0	1
1491	1	1	1	0	28	2292	0	1
1501	1	1	1	0	28	2292	0	1
1511	1	1	1	0	28	2292	0	1
1521	1	1	1	0	28	2292	0	1
1531	1	1	1	0	28	2292	0	1
1541	1	1	1	0	28	2292	0	1
1551	1	1	1	0	28	2292	0	1
1561	1	1	1	0	28	2292	0	1
1571	1	1	1	0	28	2292	0	1
1581	1	1	1	0	28	2292	0	1
1591	1	1	1	0	28	2292	0	1
1601	1	1	1	0	28	2292	0	1
1611	1	1	1	0	28	2292	0	1
1621	1	1	1	0	28	2292	0	1
1631	1	1	1	0	28	2292	0	1
1641	1	1	1	0	28	2292	0	1
1651	1	1	1	0	28	2292	0	1
1661	1	1	1	0	28	2292	0	1
1671	1	1	1	0	28	2292	0	1
1681	1	1	1	0	28	2292	0	1
1691	1	1	1	0	28	2292	0	1
1701	1	1	1	0	28	2292	0	1
1711	1	1	1	0	28	2292	0	1
1721	1	1	1	0	28	2292	0	1
1731	1	1	1	0	28	2292	0	1
1741	1	1	1	0	28	2292	0	1
1751	1	1	1	0	28	2292	0	1
1761	1	1	1	0	28	2292	0	1
1771	1	1	1	0	28	2292	0	1
1781	1	1	1	0	28	2292	0	1
1791	1	1	1	0	28	2292	0	1
1801	1	1	1	0	28	2292	0	1
1811	1	1	1	0	28	2292	0	1
1821	1	1	1	0	28	2292	0	1
1831	1	1	1	0	28	2292	0	1
1841	1	1	1	0	28	2292	0	1
1851	1	1	1	0	28	2292	0	1
1861	1	1	1	0	28	2292	0	1
1871	1	1	1	0	28	2292	0	1
1881	1	1	1	0	28	2292	0	1
1891	1	1	1	0	28	2292	0	1
1901	1	1	1	0	28	2292	0	1
1911	1	1	1	0	28	2292	0	1
1921	1	1	1	0	28	2292	0	1
1931	1	1	1	0	28	2292	0	1
1941	1	1	1	0	28	2292	0	1
1951	1	1	1	0	28	2292	0	1
1961	1	1	1	0	28	2292	0	1
1971	1	1	1	0	28	2292	0	1
1981	1	1	1	0	28	2292	0	1
1991	1	1	1	0	28	2292	0	1
2001	1	1	1	0	28	2292	0	1
2011	1	1	1	0	28	2292	0	1
2021	1	1	1	0	28	2292	0	1
2031	1	1	1	0	28	2292	0	1
2041	1	1	1	0	28	2292	0	1
2051	1	1	1	0	28	2292	0	1
2061	1	1	1	0	28	2292	0	1
2071	1	1	1	0	28	2292	0	1
2081	1	1	1	0	28	2292	0	1
2091	1	1	1	0	28	2292	0	1
2101	1	1	1	0	28	2292	0	1
2111	1	1	1	0	28	2292	0	1
2141	1	1	1	0	28	2292	0	1
2142	1	1	1	0	28	2292	0	1
2151	1	1	1	0	28	2292	0	1
2161	1	1	1	0	28	2292	0	1
2171	1	1	1	0	28	2292	0	1
2181	1	1	1	0	28	2292	0	1
2191	1	1	1	0	28	2292	0	1
2201	1	1	1	0	28	2292	0	1
2211	1	1	1	0	28	2292	0	1
2221	1	1	1	0	28	2292	0	1
2231	1	1	1	0	28	2292	0	1
2251	1	1	1	0	28	2292	0	1
2261	1	1	1	0	28	2292	0	1
2271	1	1	1	0	28	2292	0	1
2281	1	1	1	0	28	2292	0	1
2291	1	1	1	0	28	2292	0	1
2301	1	1	1	0	28	2292	0	1
2311	1	1	1	0	28	2292	0	1
2321	1	1	1	0	28	2292	0	1
2331	1	1	1	0	28	2292	0	1
2341	1	1	1	0	28	2292	0	1
2351	1	1	1	0	28	2292	0	1
2361	1	1	1	0	28	2292	0	1
2371	1	1	1	0	28	2292	0	1
2391	1	1	1	0	28	2292	0	1
2401	1	1	1	0	28	2292	0	1
2411	1	1	1	0	28	2292	0	1
2421	1	1	1	0	28	2292	0	1
2431	1	1	1	0	28	2292	0	1
2441	1	1	1	0	28	2292	0	1
2451	1	1	1	0	28	2292	0	1
2461	1	1	1	0	28	2292	0	1
2471	1	1	1	0	28	2292	0	1
2481	1	1	1	0	28	2292	0	1
2491	1	1	1	0	28	2292	0	1
2501	1	1	1	0	28	2292	0	1
2511	1	1	1	0	28	2292	0	1
2521	1	1	1	0	28	2292	0	1
2531	1	1	1	0	28	2292	0	1
2541	1	1	1	0	28	2292	0	1
2551	1	1	1	0	28	2292	0	1
2561	1	1	1	0	28	2292	0	1
2571	1	1	1	0	28	2292	0	1
2581	1	1	1	0	28	2292	0	1
2591	1	1	1	0	28	2292	0	1
2601	1	1	1	0	28	2292	0	1
2611	1	1	1	0	28	2292	0	1
2621	1	1	1	0	28	2292	0	1
2631	1	1	1	0	28	2292	0	1
2641	1	1	1	0	28	2292	0	1
2651	1	1	1	0	28	2292	0	1
2661	1	1	1	0	28	2292	0	1
2671	1	1	1	0	28	2292	0	1
2681	1	1	1	0	28	2292	0	1
2691	1	1	1	0	28	2292	0	1
2701	1	1	1	0	28	2292	0	1
2711	1	1	1	0	28	2292	0	1
2721	1	1	1	0	28	2292	0	1
2731	1	1	1	0	28	2292	0	1
2741	1	1	1	0	28	2292	0	1
2751	1	1	1	0	28	2292	0	1
2761	1	1	1	0	28	2292	0	1
2771	1	1	1	0	28	2292	0	1
2781	1	1	1	0	28	2292	0	1
2791	1	1	1	0	28	2292	0	1
2801	1	1	1	0	28	2292	0	1
2811	1	1	1	0	28	2292	0	1
2821	1	1	1	0	28	2292	0	1
2831	1	1	1	0	28	2292	0	1
2841	1	1	1	0	28	2292	0	1
2851	1	1	1	0	28	2292	0	1
2861	1	1	1	0	28	2292	0	1
2881	1	1	1	0	28	2292	0	1
2891	1	1	1	0	28	2292	0	1
2901	1	1	1	0	28	2292	0	1
2911	1	1	1	0	28	2292	0	1
2921	1	1	1	0	28	2292	0	1
2931	1	1	1	0	28	2292	0	1
2941	1	1	1	0	28	2292	0	1
2951	1	1	1	0	28	2292	0	1
2961	1	1	1	0	28	2292	0	1
2971	1	1	1	0	28	2292	0	1
2981	1	1	1	0	28	2292	0	1
2991	1	1	1	0	28	2292	0	1
3001	1	1	1	0	28	2292	0	1
3011	1	1	1	0	28	2292	0	1
3021	1	1	1	0	28	2292	0	1
3031	1	1	1	0	28	2292	0	1
3041	1	1	1	0	28	2292	0	1
3051	1	1	1	0	28	2292	0	1
3061	1	1	1	0	28	2292	0	1
3071	1	1	1	0	28	2292	0	1
3081	1	1	1	0	28	2292	0	1
3091	1	1	1	0	28	2292	0	1
3101	1	1	1	0	28	2292	0	1
3111	1	1	1	0	28	2292	0	1
3121	1	1	1	0	28	2292	0	1
3131	1	1	1	0	28	2292	0	1
3141	1	1	1	0	28	2292	0	1
3151	1	1	1	0	28	2292	0	1
3161	1	1	1	0	28	2292	0	1
3171	1	1	1	0	28	2292	0	1
3181	1	1	1	0	28	2292	0	1
3191	1	1	1	0	28	2292	0	1
3201	1	1	1	0	28	2292	0	1
3211	1	1	1	0	28	2292	0	1
3221	1	1	1	0	28	2292	0	1
3231	1	1	1	0	28	2292	0	1
3251	1	1	1	0	28	2292	0	1
3261	1	1	1	0	28	2292	0	1
3271	1	1	1	0	28	2292	0	1
3281	1	1	1	0	28	2292	0	1
3291	1	1	1	0	28	2292	0	1
3301	1	1	1	0	28	2292	0	1
3311	1	1	1	0	28	2292	0	1
3321	1	1	1	0	28	2292	0	1
3331	1	1	1	0	28	2292	0	1
3341	1	1	1	0	28	2292	0	1
3351	1	1	1	0	28	2292	0	1
3361	1	1	1	0	28	2292	0	1
3371	1	1	1	0	28	2292	0	1
3381	1	1	1	0	28	2292	0	1
3391	1	1	1	0	28	2292	0	1
3401	1	1	1	0	28	2292	0	1
3411	1	1	1	0	28	2292	0	1
3421	1	1	1	0	28	2292	0	1
3431	1	1	1	0	28	2292	0	1
3441	1	1	1	0	28	2292	0	1
3451	1	1	1	0	28	2292	0	1
3461	1	1	1	0	28	2292	0	1
3471	1	1	1	0	28	2292	0	1
3481	1	1	1	0	28	2292	0	1
3491	1	1	1	0	28	2292	0	1
3501	1	1	1	0	28	2292	0	1
3511	1	1	1	0	28	2292	0	1
3521	1	1	1	0	28	2292	0	1
3531	1	1	1	0	28	2292	0	1
3541	1	1	1	0	28	2292	0	1
3551	1	1	1	0	28	2292	0	1
3561	1	1	1	0	28	2292	0	1
3571	1	1	1	0	28	2292	0	1
3581	1	1	1	0	28	2292	0	1
3591	1	1	1	0	28	2292	0	1
3601	1	1	1	0	28	2292	0	1
3611	1	1	1	0	28	2292	0	1
3621	1	1	1	0	28	2292	0	1
3631	1	1	1	0	28	2292	0	1
3641	1	1	1	0	28	2292	0	1
3651	1	1	1	0	28	2292	0	1
3661	1	1	1	0	28	2292	0	1
3671	1	1	1	0	28	2292	0	1
3681	1	1	1	0	28	2292	0	1
3701	1	1	1	0	28	2292	0	1
3711	1	1	1	0	28	2292	0	1
3721	1	1	1	0	28	2292	0	1
3731	1	1	1	0	28	2292	0	1
3741	1	1	1	0	28	2292	0	1
3751	1	1	1	0	28	2292	0	1
3761	1	1	1	0	28	2292	0	1
3771	1	1	1	0	28	2292	0	1
3781	1	1	1	0	28	2292	0	1
3791	1	1	1	0	28	2292	0	1
3801	1	1	1	0	28	2292	0	1
3811	1	1	1	0	28	2292	0	1
3821	1	1	1	0	28	2292	0	1
3831	1	1	1	0	28	2292	0	1
3841	1	1	1	0	28	2292	0	1
3851	1	1	1	0	28	2292	0	1
3861	1	1	1	0	28	2292	0	1
3871	1	1	1	0	28	2292	0	1
3881	1	1	1	0	28	2292	0	1
3891	1	1	1	0	28	2292	0	1
3901	1	1	1	0	28	2292	0	1
3911	1	1	1	0	28	2292	0	1
3921	1	1	1	0	28	2292	0	1
3931	1	1	1	0	28	2292	0	1
3941	1	1	1	0	28	2292	0	1
3951	1	1	1	0	28	2292	0	1
3961	1	1	1	0	28	2292	0	1
3971	1	1	1	0	28	2292	0	1
3981	1	1	1	0	28	2292	0	1
3991	1	1	1	0	28	2292	0	1
4001	1	1	1	0	28	2292	0	1
4011	1	1	1	0	28	2292	0	1
4021	1	1	1	0	28	2292	0	1
4031	1	1	1	0	28	2292	0	1
4041	1	1	1	0	28	2292	0	1
4051	1	1	1	0	28	2292	0	1
4061	1	1	1	0	28	2292	0	1
4071	1	1	1	0	28	2292	0	1
4081	1	1	1	0	28	2292	0	1
4091	1	1	1	0	28	2292	0	1
4101	1	1	1	0	28	2292	0	1
4111	1	1	1	0	28	2292	0	1
4121	1	1	1	0	28	2292	0	1
4131	1	1	1	0	28	2292	0	1
4141	1	1	1	0	28	2292	0	1
4151	1	1	1	0	28	2292	0	1
4161	1	1	1	0	28	2292	0	1
4171	1	1	1	0	28	2292	0	1
4191	1	1	1	0	28	2292	0	1
4201	1	1	1	0	28	2292	0	1
4211	1	1	1	0	28	2292	0	1
4221	1	1	1	0	28	2292	0	1
4231	1	1	1	0	28	2292	0	1
4241	1	1	1	0	28	2292	0	1
4251	1	1	1	0	28	2292	0	1
4261	1	1	1	0	28	2292	0	1
4271	1	1	1	0	28	2292	0	1
4281	1	1	1	0	28	2292	0	1
4291	1	1	1	0	28	2292	0	1
4301	1	1	1	0	28	2292	0	1
4311	1	1	1	0	28	2292	0	1
4321	1	1	1	0	28	2292	0	1
4331	1	1	1	0	28	2292	0	1
4341	1	1	1	0	28	2292	0	1
4351	1	1	1	0	28	2292	0	1
4361	1	1	1	0	28	2292	0	1
4371	1	1	1	0	28	2292	0	1
4381	1	1	1	0	28	2292	0	1
4391	1	1	1	0	28	2292	0	1
4401	1	1	1	0	28	2292	0	1
4411	1	1	1	0	28	2292	0	1
4421	1	1	1	0	28	2292	0	1
4431	1	1	1	0	28	2292	0	1
4441	1	1	1	0	28	2292	0	1
4451	1	1	1	0	28	2292	0	1
4461	1	1	1	0	28	2292	0	1
4471	1	1	1	0	28	2292	0	1
4481	1	1	1	0	28	2292	0	1
4491	1	1	1	0	28	2292	0	1
4501	1	1	1	0	28	2292	0	1
4511	1	1	1	0	28	2292	0	1
4521	1	1	1	0	28	2292	0	1
4531	1	1	1	0	28	2292	0	1
4541	1	1	1	0	28	2292	0	1
4551	1	1	1	0	28	2292	0	1
4561	1	1	1	0	28	2292	0	1
4571	1	1	1	0	28	2292	0	1
4581	1	1	1	0	28	2292	0	1
4591	1	1	1	0	28	2292	0	1
4601	1	1	1	0	28	2292	0	1
4611	1	1	1	0	28	2292	0	1
4621	1	1	1	0	28	2292	0	1
4631	1	1	1	0	28	2292	0	1
4641	1	1	1	0	28	2292	0	1
4651	1	1	1	0	28	2292	0	1
4661	1	1	1	0	28	2292	0	1
4671	1	1	1	0	28	2292	0	1
4681	1	1	1	0	28	2292	0	1
4691	1	1	1	0	28	2292	0	1
4701	1	1	1	0	28	2292	0	1
4711	1	1	1	0	28	2292	0	1
4721	1	1	1	0	28	2292	0	1
4731	1	1	1	0	28	2292	0	1
4741	1	1	1	0	28	2292	0	1
4751	1	1	1	0	28	2292	0	1
4761	1	1	1	0	28	2292	0	1
4771	1	1	1	0	28	2292	0	1
4781	1	1	1	0	28	2292	0	1
4791	1	1	1	0	28	2292	0	1
4801	1	1	1	0	28	2292	0	1
4811	1	1	1	0	28	2292	0	1
4821	1	1	1	0	28	2292	0	1
4831	1	1	1	0	28	2292	0	1
4841	1	1	1	0	28	2292	0	1
4851	1	1	1	0	28	2292	0	1
4861	1	1	1	0	28	2292	0	1
4871	1	1	1	0	28	2292	0	1
4881	1	1	1	0	28	2292	0	1
4891	1	1	1	0	28	2292	0	1
4901	1	1	1	0	28	2292	0	1
4911	1	1	1	0	28	2292	0	1
4921	1	1	1	0	28	2292	0	1
4931	1	1	1	0	28	2292	0	1
4941	1	1	1	0	28	2292	0	1
4951	1	1	1	0	28	2292	0	1
4961	1	1	1	0	28	2292	0	1
4971	1	1	1	0	28	2292	0	1
4981	1	1	1	0	28	2292	0	1
4991	1	1	1	0	28	2292	0	1
5001	1	1	1	0	28	2292	0	1
5011	1	1	1	0	28	2292	0	1
5021	1	1	1	0	28	2292	0	1
5031	1	1	1	0	28	2292	0	1
5041	1	1	1	0	28	2292	0	1
5051	1	1	1	0	28	2292	0	1
5061	1	1	1	0	28	2292	0	1
5071	1	1	1	0	28	2292	0	1
5081	1	1	1	0	28	2292	0	1
5091	1	1	1	0	28	2292	0	1
5101	1	1	1	0	28	2292	0	1
5111	1	1	1	0	28	2292	0	1
5121	1	1	1	0	28	2292	0	1
5131	1	1	1	0	28	2292	0	1
5141	1	1	1	0	28	2292	0	1
5151	1	1	1	0	28	2292	0	1
5171	1	1	1	0	28	2292	0	1
5181	1	1	1	0	28	2292	0	1
5191	1	1	1	0	28	2292	0	1
5201	1	1	1	0	28	2292	0	1
5211	1	1	1	0	28	2292	0	1
5221	1	1	1	0	28	2292	0	1
5241	1	1	1	0	28	2292	0	1
5251	1	1	1	0	28	2292	0	1
5261	1	1	1	0	28	2292	0	1
5271	1	1	1	0	28	2292	0	1
5281	1	1	1	0	28	2292	0	1
5291	1	1	1	0	28	2292	0	1
5301	1	1	1	0	28	2292	0	1
5311	1	1	1	0	28	2292	0	1
5321	1	1	1	0	28	2292	0	1
5331	1	1	1	0	28	2292	0	1
5341	1	1	1	0	28	2292	0	1
5351	1	1	1	0	28	2292	0	1
5371	1	1	1	0	28	2292	0	1
5381	1	1	1	0	28	2292	0	1
5391	1	1	1	0	28	2292	0	1
5401	1	1	1	0	28	2292	0	1
5411	1	1	1	0	28	2292	0	1
5421	1	1	1	0	28	2292	0	1
5431	1	1	1	0	28	2292	0	1
5441	1	1	1	0	28	2292	0	1
5451	1	1	1	0	28	2292	0	1
5461	1	1	1	0	28	2292	0	1
5471	1	1	1	0	28	2292	0	1
5481	1	1	1	0	28	2292	0	1
5491	1	1	1	0	28	2292	0	1
5501	1	1	1	0	28	2292	0	1
5511	1	1	1	0	28	2292	0	1
5521	1	1	1	0	28	2292	0	1
5531	1	1	1	0	28	2292	0	1
5541	1	1	1	0	28	2292	0	1
5551	1	1	1	0	28	2292	0	1
5561	1	1	1	0	28	2292	0	1
5571	1	1	1	0	28	2292	0	1
5581	1	1	1	0	28	2292	0	1
5591	1	1	1	0	28	2292	0	1
5601	1	1	1	0	28	2292	0	1
5611	1	1	1	0	28	2292	0	1
5621	1	1	1	0	28	2292	0	1
5631	1	1	1	0	28	2292	0	1
5641	1	1	1	0	28	2292	0	1
5651	1	1	1	0	28	2292	0	1
5661	1	1	1	0	28	2292	0	1
5671	1	1	1	0	28	2292	0	1
5681	1	1	1	0	28	2292	0	1
5691	1	1	1	0	28	2292	0	1
5701	1	1	1	0	28	2292	0	1
5711	1	1	1	0	28	2292	0	1
5721	1	1	1	0	28	2292	0	1
5731	1	1	1	0	28	2292	0	1
5751	1	1	1	0	28	2292	0	1
5761	1	1	1	0	28	2292	0	1
5771	1	1	1	0	28	2292	0	1
5781	1	1	1	0	28	2292	0	1
5791	1	1	1	0	28	2292	0	1
5801	1	1	1	0	28	2292	0	1
5811	1	1	1	0	28	2292	0	1
5821	1	1	1	0	28	2292	0	1
5831	1	1	1	0	28	2292	0	1
5841	1	1	1	0	28	2292	0	1
5851	1	1	1	0	28	2292	0	1
5861	1	1	1	0	28	2292	0	1
5871	1	1	1	0	28	2292	0	1
5881	1	1	1	0	28	2292	0	1
5901	1	1	1	0	28	2292	0	1
5911	1	1	1	0	28	2292	0	1
5921	1	1	1	0	28	2292	0	1
5931	1	1	1	0	28	2292	0	1
5941	1	1	1	0	28	2292	0	1
5951	1	1	1	0	28	2292	0	1
5961	1	1	1	0	28	2292	0	1
5971	1	1	1	0	28	2292	0	1
5981	1	1	1	0	28	2292	0	1
5991	1	1	1	0	28	2292	0	1
6001	1	1	1	0	28	2292	0	1
6021	1	1	1	0	28	2292	0	1
6031	1	1	1	0	28	2292	0	1
6041	1	1	1	0	28	2292	0	1
6051	1	1	1	0	28	2292	0	1
6061	1	1	1	0	28	2292	0	1
6071	1	1	1	0	28	2292	0	1
6081	1	1	1	0	28	2292	0	1
6091	1	1	1	0	28	2292	0	1
6101	1	1	1	0	28	2292	0	1
6111	1	1	1	0	28	2292	0	1
6121	1	1	1	0	28	2292	0	1
6131	1	1	1	0	28	2292	0	1
6141	1	1	1	0	28	2292	0	1
6151	1	1	1	0	28	2292	0	1
6161	1	1	1	0	28	2292	0	1
6171	1	1	1	0	28	2292	0	1
6181	1	1	1	0	28	2292	0	1
6191	1	1	1	0	28	2292	0	1
6201	1	1	1	0	28	2292	0	1
6211	1	1	1	0	28	2292	0	1
6221	1	1	1	0	28	2292	0	1
6231	1	1	1	0	28	2292	0	1
6241	1	1	1	0	28	2292	0	1
6251	1	1	1	0	28	2292	0	1
6261	1	1	1	0	28	2292	0	1
6271	1	1	1	0	28	2292	0	1
6281	1	1	1	0	28	2292	0	1
6291	1	1	1	0	28	2292	0	1
6301	1	1	1	0	28	2292	0	1
6311	1	1	1	0	28	2292	0	1
6321	1	1	1	0	28	2292	0	1
6331	1	1	1	0	28	2292	0	1
6341	1	1	1	0	28	2292	0	1
6351	1	1	1	0	28	2292	0	1
6361	1	1	1	0	28	2292	0	1
6371	1	1	1	0	28	2292	0	1
6381	1	1	1	0	28	2292	0	1
6391	1	1	1	0	28	2292	0	1
6401	1	1	1	0	28	2292	0	1
6421	1	1	1	0	28	2292	0	1
6431	1	1	1	0	28	2292	0	1
6441	1	1	1	0	28	2292	0	1
6451	1	1	1	0	28	2292	0	1
6461	1	1	1	0	28	2292	0	1
6471	1	1	1	0	28	2292	0	1
6481	1	1	1	0	28	2292	0	1
6491	1	1	1	0	28	2292	0	1
6501	1	1	1	0	28	2292	0	1
6511	1	1	1	0	28	2292	0	1
6521	1	1	1	0	28	2292	0	1
6531	1	1	1	0	28	2292	0	1
6541	1	1	1	0	28	2292	0	1
6551	1	1	1	0	28	2292	0	1
6561	1	1	1	0	28	2292	0	1
6571	1	1	1	0	28	2292	0	1
6581	1	1	1	0	28	2292	0	1
6591	1	1	1	0	28	2292	0	1
6601	1	1	1	0	28	2292	0	1
6611	1	1	1	0	28	2292	0	1
6621	1	1	1	0	28	2292	0	1
6631	1	1	1	0	28	2292	0	1
6641	1	1	1	0	28	2292	0	1
6651	1	1	1	0	28	2292	0	1
6661	1	1	1	0	28	2292	0	1
6671	1	1	1	0	28	2292	0	1
6681	1	1	1	0	28	2292	0	1
6691	1	1	1	0	28	2292	0	1
6701	1	1	1	0	28	2292	0	1
6711	1	1	1	0	28	2292	0	1
6721	1	1	1	0	28	2292	0	1
6731	1	1	1	0	28	2292	0	1
6741	1	1	1	0	28	2292	0	1
6751	1	1	1	0	28	2292	0	1
6761	1	1	1	0	28	2292	0	1
6771	1	1	1	0	28	2292	0	1
6781	1	1	1	0	28	2292	0	1
6791	1	1	1	0	28	2292	0	1
6801	1	1	1	0	28	2292	0	1
6811	1	1	1	0	28	2292	0	1
6821	1	1	1	0	28	2292	0	1
6831	1	1	1	0	28	2292	0	1
6841	1	1	1	0	28	2292	0	1
6851	1	1	1	0	28	2292	0	1
6861	1	1	1	0	28	2292	0	1
6871	1	1	1	0	28	2292	0	1
6881	1	1	1	0	28	2292	0	1
6891	1	1	1	0	28	2292	0	1
6901	1	1	1	0	28	2292	0	1
6911	1	1	1	0	28	2292	0	1
6921	1	1	1	0	28	2292	0	1
6931	1	1	1	0	28	2292	0	1
6941	1	1	1	0	28	2292	0	1
6951	1	1	1	0	28	2292	0	1
6961	1	1	1	0	28	2292	0	1
6971	1	1	1	0	28	2292	0	1
6981	1	1	1	0	28	2292	0	1
6991	1	1	1	0	28	2292	0	1
7001	1	1	1	0	28	2292	0	1
7011	1	1	1	0	28	2292	0	1
7021	1	1	1	0	28	2292	0	1
7031	1	1	1	0	28	2292	0	1
7041	1	1	1	0	28	2292	0	1
7051	1	1	1	0	28	2292	0	1
7061	1	1	1	0	28	2292	0	1
7071	1	1	1	0	28	2292	0	1
7081	1	1	1	0	28	2292	0	1
7091	1	1	1	0	28	2292	0	1
7101	1	1	1	0	28	2292	0	1
7111	1	1	1	0	28	2292	0	1
7121	1	1	1	0	28	2292	0	1
7131	1	1	1	0	28	2292	0	1
7141	1	1	1	0	28	2292	0	1
7151	1	1	1	0	28	2292	0	1
7161	1	1	1	0	28	2292	0	1
7171	1	1	1	0	28	2292	0	1
7181	1	1	1	0	28	2292	0	1
7191	1	1	1	0	28	2292	0	1
7201	1	1	1	0	28	2292	0	1
7211	1	1	1	0	28	2292	0	1
7221	1	1	1	0	28	2292	0	1
7231	1	1	1	0	28	2292	0	1
7241	1	1	1	0	28	2292	0	1
7251	1	1	1	0	28	2292	0	1
7261	1	1	1	0	28	2292	0	1
7281	1	1	1	0	28	2292	0	1
7291	1	1	1	0	28	2292	0	1
7301	1	1	1	0	28	2292	0	1
7311	1	1	1	0	28	2292	0	1
7321	1	1	1	0	28	2292	0	1
7331	1	1	1	0	28	2292	0	1
7341	1	1	1	0	28	2292	0	1
7351	1	1	1	0	28	2292	0	1
7361	1	1	1	0	28	2292	0	1
7371	1	1	1	0	28	2292	0	1
7381	1	1	1	0	28	2292	0	1
7391	1	1	1	0	28	2292	0	1
7401	1	1	1	0	28	2292	0	1
7411	1	1	1	0	28	2292	0	1
7421	1	1	1	0	28	2292	0	1
7431	1	1	1	0	28	2292	0	1
7441	1	1	1	0	28	2292	0	1
7451	1	1	1	0	28	2292	0	1
7461	1	1	1	0	28	2292	0	1
7471	1	1	1	0	28	2292	0	1
7481	1	1	1	0	28	2292	0	1
7491	1	1	1	0	28	2292	0	1
7501	1	1	1	0	28	2292	0	1
7511	1	1	1	0	28	2292	0	1
7521	1	1	1	0	28	2292	0	1
7531	1	1	1	0	28	2292	0	1
7541	1	1	1	0	28	2292	0	1
7551	1	1	1	0	28	2292	0	1
7561	1	1	1	0	28	2292	0	1
7571	1	1	1	0	28	2292	0	1
7581	1	1	1	0	28	2292	0	1
7591	1	1	1	0	28	2292	0	1
7601	1	1	1	0	28	2292	0	1
7611	1	1	1	0	28	2292	0	1
7621	1	1	1	0	28	2292	0	1
7631	1	1	1	0	28	2292	0	1
7641	1	1	1	0	28	2292	0	1
7651	1	1	1	0	28	2292	0	1
7661	1	1	1	0	28	2292	0	1
7671	1	1	1	0	28	2292	0	1
7681	1	1	1	0	28	2292	0	1
7691	1	1	1	0	28	2292	0	1
7701	1	1	1	0	28	2292	0	1
7711	1	1	1	0	28	2292	0	1
7721	1	1	1	0	28	2292	0	1
7731	1	1	1	0	28	2292	0	1
7741	1	1	1	0	28	2292	0	1
7751	1	1	1	0	28	2292	0	1
7761	1	1	1	0	28	2292	0	1
7771	1	1	1	0	28	2292	0	1
7781	1	1	1	0	28	2292	0	1
7791	1	1	1	0	28	2292	0	1
7801	1	1	1	0	28	2292	0	1
7811	1	1	1	0	28	2292	0	1
7821	1	1	1	0	28	2292	0	1
7831	1	1	1	0	28	2292	0	1
7841	1	1	1	0	28	2292	0	1
7851	1	1	1	0	28	2292	0	1
7861	1	1	1	0	28	2292	0	1
7871	1	1	1	0	28	2292	0	1
7881	1	1	1	0	28	2292	0	1
7891	1	1	1	0	28	2292	0	1
7901	1	1	1	0	28	2292	0	1
7911	1	1	1	0	28	2292	0	1
7921	1	1	1	0	28	2292	0	1
7931	1	1	1	0	28	2292	0	1
7951	1	1	1	0	28	2292	0	1
7961	1	1	1	0	28	2292	0	1
7971	1	1	1	0	28	2292	0	1
7981	1	1	1	0	28	2292	0	1
7991	1	1	1	0	28	2292	0	1
8001	1	1	1	0	28	2292	0	1
8011	1	1	1	0	28	2292	0	1
8021	1	1	1	0	28	2292	0	1
8031	1	1	1	0	28	2292	0	1
8041	1	1	1	0	28	2292	0	1
8051	1	1	1	0	28	2292	0	1
8071	1	1	1	0	28	2292	0	1
8081	1	1	1	0	28	2292	0	1
8091	1	1	1	0	28	2292	0	1
8101	1	1	1	0	28	2292	0	1
8111	1	1	1	0	28	2292	0	1
8121	1	1	1	0	28	2292	0	1
8131	1	1	1	0	28	2292	0	1
8151	1	1	1	0	28	2292	0	1
8161	1	1	1	0	28	2292	0	1
8171	1	1	1	0	28	2292	0	1
8181	1	1	1	0	28	2292	0	1
8191	1	1	1	0	28	2292	0	1
8201	1	1	1	0	28	2292	0	1
8211	1	1	1	0	28	2292	0	1
8221	1	1	1	0	28	2292	0	1
8241	1	1	1	0	28	2292	0	1
8251	1	1	1	0	28	2292	0	1
8261	1	1	1	0	28	2292	0	1
8271	1	1	1	0	28	2292	0	1
8281	1	1	1	0	28	2292	0	1
8291	1	1	1	0	28	2292	0	1
8301	1	1	1	0	28	2292	0	1
8311	1	1	1	0	28	2292	0	1
8321	1	1	1	0	28	2292	0	1
8331	1	1	1	0	28	2292	0	1
8341	1	1	1	0	28	2292	0	1
8351	1	1	1	0	28	2292	0	1
8361	1	1	1	0	28	2292	0	1
8381	1	1	1	0	28	2292	0	1
8391	1	1	1	0	28	2292	0	1
8401	1	1	1	0	28	2292	0	1
8411	1	1	1	0	28	2292	0	1
8421	1	1	1	0	28	2292	0	1
8431	1	1	1	0	28	2292	0	1
8441	1	1	1	0	28	2292	0	1
8451	1	1	1	0	28	2292	0	1
8461	1	1	1	0	28	2292	0	1
8471	1	1	1	0	28	2292	0	1
8481	1	1	1	0	28	2292	0	1
8491	1	1	1	0	28	2292	0	1
8501	1	1	1	0	28	2292	0	1
8511	1	1	1	0	28	2292	0	1
8521	1	1	1	0	28	2292	0	1
8531	1	1	1	0	28	2292	0	1
8541	1	1	1	0	28	2292	0	1
8551	1	1	1	0	28	2292	0	1
8561	1	1	1	0	28	2292	0	1
8571	1	1	1	0	28	2292	0	1
8581	1	1	1	0	28	2292	0	1
8591	1	1	1	0	28	2292	0	1
8601	1	1	1	0	28	2292	0	1
8611	1	1	1	0	28	2292	0	1
8621	1	1	1	0	28	2292	0	1
8631	1	1	1	0	28	2292	0	1
8641	1	1	1	0	28	2292	0	1
8651	1	1	1	0	28	2292	0	1
8661	1	1	1	0	28	2292	0	1
8671	1	1	1	0	28	2292	0	1
8681	1	1	1	0	28	2292	0	1
8691	1	1	1	0	28	2292	0	1
8701	1	1	1	0	28	2292	0	1
8711	1	1	1	0	28	2292	0	1
8721	1	1	1	0	28	2292	0	1
8731	1	1	1	0	28	2292	0	1
8741	1	1	1	0	28	2292	0	1
8751	1	1	1	0	28	2292	0	1
8771	1	1	1	0	28	2292	0	1
8781	1	1	1	0	28	2292	0	1
8791	1	1	1	0	28	2292	0	1
8801	1	1	1	0	28	2292	0	1
8821	1	1	1	0	28	2292	0	1
8831	1	1	1	0	28	2292	0	1
8841	1	1	1	0	28	2292	0	1
8851	1	1	1	0	28	2292	0	1
8861	1	1	1	0	28	2292	0	1
8871	1	1	1	0	28	2292	0	1
8891	1	1	1	0	28	2292	0	1
8901	1	1	1	0	28	2292	0	1
8911	1	1	1	0	28	2292	0	1
8921	1	1	1	0	28	2292	0	1
8931	1	1	1	0	28	2292	0	1
8941	1	1	1	0	28	2292	0	1
8951	1	1	1	0	28	2292	0	1
8961	1	1	1	0	28	2292	0	1
8971	1	1	1	0	28	2292	0	1
8981	1	1	1	0	28	2292	0	1
8991	1	1	1	0	28	2292	0	1
9001	1	1	1	0	28	2292	0	1
9011	1	1	1	0	28	2292	0	1
9021	1	1	1	0	28	2292	0	1
9031	1	1	1	0	28	2292	0	1
9041	1	1	1	0	28	2292	0	1
9051	1	1	1	0	28	2292	0	1
9061	1	1	1	0	28	2292	0	1
9071	1	1	1	0	28	2292	0	1
9081	1	1	1	0	28	2292	0	1
9091	1	1	1	0	28	2292	0	1
9101	1	1	1	0	28	2292	0	1
9111	1	1	1	0	28	2292	0	1
9121	1	1	1	0	28	2292	0	1
9141	1	1	1	0	28	2292	0	1
9151	1	1	1	0	28	2292	0	1
9161	1	1	1	0	28	2292	0	1
9171	1	1	1	0	28	2292	0	1
9181	1	1	1	0	28	2292	0	1
9191	1	1	1	0	28	2292	0	1
9201	1	1	1	0	28	2292	0	1
9211	1	1	1	0	28	2292	0	1
9221	1	1	1	0	28	2292	0	1
9231	1	1	1	0	28	2292	0	1
9241	1	1	1	0	28	2292	0	1
9251	1	1	1	0	28	2292	0	1
9261	1	1	1	0	28	2292	0	1
9271	1	1	1	0	28	2292	0	1
9281	1	1	1	0	28	2292	0	1
9291	1	1	1	0	28	2292	0	1
9301	1	1	1	0	28	2292	0	1
9311	1	1	1	0	28	2292	0	1
9321	1	1	1	0	28	2292	0	1
9331	1	1	1	0	28	2292	0	1
9341	1	1	1	0	28	2292	0	1
9351	1	1	1	0	28	2292	0	1
9361	1	1	1	0	28	2292	0	1
9371	1	1	1	0	28	2292	0	1
9381	1	1	1	0	28	2292	0	1
9391	1	1	1	0	28	2292	0	1
9401	1	1	1	0	28	2292	0	1
9411	1	1	1	0	28	2292	0	1
9421	1	1	1	0	28	2292	0	1
9431	1	1	1	0	28	2292	0	1
9451	1	1	1	0	28	2292	0	1
9461	1	1	1	0	28	2292	0	1
9471	1	1	1	0	28	2292	0	1
9481	1	1	1	0	28	2292	0	1
9501	1	1	1	0	28	2292	0	1
9511	1	1	1	0	28	2292	0	1
9521	1	1	1	0	28	2292	0	1
9531	1	1	1	0	28	2292	0	1
9541	1	1	1	0	28	2292	0	1
9551	1	1	1	0	28	2292	0	1
9561	1	1	1	0	28	2292	0	1
9571	1	1	1	0	28	2292	0	1
9581	1	1	1	0	28	2292	0	1
9591	1	1	1	0	28	2292	0	1
9601	1	1	1	0	28	2292	0	1
9611	1	1	1	0	28	2292	0	1
9621	1	1	1	0	28	2292	0	1
9631	1	1	1	0	28	2292	0	1
9641	1	1	1	0	28	2292	0	1
9651	1	1	1	0	28	2292	0	1
9661	1	1	1	0	28	2292	0	1
9671	1	1	1	0	28	2292	0	1
9681	1	1	1	0	28	2292	0	1
9701	1	1	1	0	28	2292	0	1
9711	1	1	1	0	28	2292	0	1
9721	1	1	1	0	28	2292	0	1
9731	1	1	1	0	28	2292	0	1
9741	1	1	1	0	28	2292	0	1
9751	1	1	1	0	28	2292	0	1
9761	1	1	1	0	28	2292	0	1
9771	1	1	1	0	28	2292	0	1
9781	1	1	1	0	28	2292	0	1
9791	1	1	1	0	28	2292	0	1
9801	1	1	1	0	28	2292	0	1
9811	1	1	1	0	28	2292	0	1
9821	1	1	1	0	28	2292	0	1
9831	1	1	1	0	28	2292	0	1
9841	1	1	1	0	28	2292	0	1
9851	1	1	1	0	28	2292	0	1
9861	1	1	1	0	28	2292	0	1
9871	1	1	1	0	28	2292	0	1
9881	1	1	1	0	28	2292	0	1
9891	1	1	1	0	28	2292	0	1
9901	1	1	1	0	28	2292	0	1
9911	1	1	1	0	28	2292	0	1
9921	1	1	1	0	28	2292	0	1
9931	1	1	1	0	28	2292	0	1
9941	1	1	1	0	28	2292	0	1
9951	1	1	1	0	28	2292	0	1
9961	1	1	1	0	28	2292	0	1
9971	1	1	1	0	28	2292	0	1
9981	1	1	1	0	28	2292	0	1
9991	1	1	1	0	28	2292	0	1
10001	1	1	1	0	28	2292	0	1
10011	1	1	1	0	28	2292	0	1
10021	1	1	1	0	28	2292	0	1
10031	1	1	1	0	28	2292	0	1
10041	1	1	1	0	28	2292	0	1
10051	1	1	1	0	28	2292	0	1
10061	1	1	1	0	28	2292	0	1
10071	1	1	1	0	28	2292	0	1
10081	1	1	1	0	28	2292	0	1
10091	1	1	1	0	28	2292	0	1
10101	1	1	1	0	28	2292	0	1
10111	1	1	1	0	28	2292	0	1
10121	1	1	1	0	28	2292	0	1
10131	1	1	1	0	28	2292	0	1
10141	1	1	1	0	28	2292	0	1
10151	1	1	1	0	28	2292	0	1
10161	1	1	1	0	28	2292	0	1
10171	1	1	1	0	28	2292	0	1
10181	1	1	1	0	28	2292	0	1
10191	1	1	1	0	28	2292	0	1
10201	1	1	1	0	28	2292	0	1
10211	1	1	1	0	28	2292	0	1
10221	1	1	1	0	28	2292	0	1
10231	1	1	1	0	28	2292	0	1
10251	1	1	1	0	28	2292	0	1
10261	1	1	1	0	28	2292	0	1
10271	1	1	1	0	28	2292	0	1
10281	1	1	1	0	28	2292	0	1
10291	1	1	1	0	28	2292	0	1
10301	1	1	1	0	28	2292	0	1
10311	1	1	1	0	28	2292	0	1
10321	1	1	1	0	28	2292	0	1
10341	1	1	1	0	28	2292	0	1
10351	1	1	1	0	28	2292	0	1
10361	1	1	1	0	28	2292	0	1
10371	1	1	1	0	28	2292	0	1
10381	1	1	1	0	28	2292	0	1
10391	1	1	1	0	28	2292	0	1
10401	1	1	1	0	28	2292	0	1
10411	1	1	1	0	28	2292	0	1
10421	1	1	1	0	28	2292	0	1
10441	1	1	1	0	28	2292	0	1
10451	1	1	1	0	28	2292	0	1
10461	1	1	1	0	28	2292	0	1
10471	1	1	1	0	28	2292	0	1
10481	1	1	1	0	28	2292	0	1
10491	1	1	1	0	28	2292	0	1
10501	1	1	1	0	28	2292	0	1
10511	1	1	1	0	28	2292	0	1
10521	1	1	1	0	28	2292	0	1
10531	1	1	1	0	28	2292	0	1
10541	1	1	1	0	28	2292	0	1
10551	1	1	1	0	28	2292	0	1
10571	1	1	1	0	28	2292	0	1
10581	1	1	1	0	28	2292	0	1
10591	1	1	1	0	28	2292	0	1
10601	1	1	1	0	28	2292	0	1
10611	1	1	1	0	28	2292	0	1
10631	1	1	1	0	28	2292	0	1
10641	1	1	1	0	28	2292	0	1
10651	1	1	1	0	28	2292	0	1
10661	1	1	1	0	28	2292	0	1
10671	1	1	1	0	28	2292	0	1
10681	1	1	1	0	28	2292	0	1
10691	1	1	1	0	28	2292	0	1
10701	1	1	1	0	28	2292	0	1
10711	1	1	1	0	28	2292	0	1
10721	1	1	1	0	28	2292	0	1
10731	1	1	1	0	28	2292	0	1
10741	1	1	1	0	28	2292	0	1
10771	1	1	1	0	28	2292	0	1
10772	1	1	1	0	28	2292	0	1
10781	1	1	1	0	28	2292	0	1
10801	1	1	1	0	28	2292	0	1
10811	1	1	1	0	28	2292	0	1
10821	1	1	1	0	28	2292	0	1
10841	1	1	1	0	28	2292	0	1
10851	1	1	1	0	28	2292	0	1
10861	1	1	1	0	28	2292	0	1
10871	1	1	1	0	28	2292	0	1
10881	1	1	1	0	28	2292	0	1
10891	1	1	1	0	28	2292	0	1
10901	1	1	1	0	28	2292	0	1
10911	1	1	1	0	28	2292	0	1
10921	1	1	1	0	28	2292	0	1
10931	1	1	1	0	28	2292	0	1
10941	1	1	1	0	28	2292	0	1
10951	1	1	1	0	28	2292	0	1
10961	1	1	1	0	28	2292	0	1
10971	1	1	1	0	28	2292	0	1
10981	1	1	1	0	28	2292	0	1
10991	1	1	1	0	28	2292	0	1
11001	1	1	1	0	28	2292	0	1
11021	2	1	1	0	0	85	0	1
11022	2	1	1	0	0	85	0	1
11023	2	1	1	0	0	85	0	1
11025	2	1	1	0	0	85	0	1
11026	2	1	1	0	0	85	0	1
11027	2	1	1	0	0	85	0	1
11028	2	1	1	0	28	2292	0	1
11031	2	1	1	0	28	2292	0	1
11041	2	1	1	0	28	2292	0	1
11051	2	1	1	0	28	2292	0	1
11061	2	1	1	0	28	2292	0	1
11071	2	1	1	0	28	2292	0	1
11081	2	1	1	0	28	2292	0	1
11091	2	1	1	0	28	2292	0	1
11111	2	1	1	0	28	2292	0	1
11121	2	1	1	0	28	2292	0	1
11131	2	1	1	0	28	2292	0	1
11141	2	1	1	0	28	2292	0	1
11151	2	1	1	0	28	2292	0	1
11161	2	1	1	0	28	2292	0	1
11171	2	1	1	0	28	2292	0	1
11181	2	1	1	0	28	2292	0	1
11211	2	1	1	0	28	2292	0	1
11212	2	1	1	0	28	2292	0	1
11221	2	1	1	0	28	2292	0	1
11231	2	1	1	0	28	2292	0	1
11241	2	1	1	0	28	2292	0	1
11251	2	1	1	0	28	2292	0	1
11261	2	1	1	0	28	2292	0	1
11271	2	1	1	0	28	2292	0	1
11281	2	1	1	0	28	2292	0	1
11291	2	1	1	0	28	2292	0	1
11301	2	1	1	0	28	2292	0	1
11311	2	1	1	0	28	2292	0	1
11331	2	1	1	0	28	2292	0	1
11351	2	1	1	0	28	2292	0	1
11361	2	1	1	0	28	2292	0	1
11371	2	1	1	0	28	2292	0	1
11381	2	1	1	0	28	2292	0	1
11391	2	1	1	0	28	2292	0	1
11401	2	1	1	0	28	2292	0	1
11411	2	1	1	0	28	2292	0	1
11421	2	1	1	0	28	2292	0	1
11431	2	1	1	0	28	2292	0	1
11441	2	1	1	0	28	2292	0	1
11451	2	1	1	0	28	2292	0	1
11461	2	1	1	0	28	2292	0	1
11471	2	1	1	0	28	2292	0	1
11481	2	1	1	0	28	2292	0	1
11491	2	1	1	0	28	2292	0	1
11501	2	1	1	0	28	2292	0	1
11511	2	1	1	0	28	2292	0	1
11531	2	1	1	0	28	2292	0	1
11541	2	1	1	0	28	2292	0	1
11551	2	1	1	0	28	2292	0	1
11561	2	1	1	0	28	2292	0	1
11571	2	1	1	0	28	2292	0	1
11581	2	1	1	0	28	2292	0	1
11591	2	1	1	0	28	2292	0	1
11601	2	1	1	0	28	2292	0	1
11611	2	1	1	0	28	2292	0	1
11621	2	1	1	0	28	2292	0	1
11631	2	1	1	0	28	2292	0	1
11641	2	1	1	0	28	2292	0	1
11651	2	1	1	0	28	2292	0	1
11661	2	1	1	0	28	2292	0	1
11671	2	1	1	0	28	2292	0	1
11681	2	1	1	0	28	2292	0	1
11691	2	1	1	0	28	2292	0	1
11711	2	1	1	0	28	2292	0	1
11721	2	1	1	0	28	2292	0	1
11731	2	1	1	0	28	2292	0	1
11741	2	1	1	0	28	2292	0	1
11751	2	1	1	0	28	2292	0	1
11761	2	1	1	0	28	2292	0	1
11771	2	1	1	0	28	2292	0	1
11781	2	1	1	0	28	2292	0	1
11791	2	1	1	0	28	2292	0	1
11801	2	1	1	0	28	2292	0	1
11811	2	1	1	0	28	2292	0	1
11821	2	1	1	0	28	2292	0	1
11831	2	1	1	0	28	2292	0	1
11841	2	1	1	0	28	2292	0	1
11851	2	1	1	0	28	2292	0	1
11861	2	1	1	0	28	2292	0	1
11871	2	1	1	0	28	2292	0	1
11881	2	1	1	0	28	2292	0	1
11891	2	1	1	0	28	2292	0	1
11901	2	1	1	0	28	2292	0	1
11911	2	1	1	0	28	2292	0	1
11921	2	1	1	0	28	2292	0	1
11931	2	1	1	0	28	2292	0	1
11941	2	1	1	0	28	2292	0	1
11951	2	1	1	0	28	2292	0	1
11961	2	1	1	0	28	2292	0	1
11971	2	1	1	0	28	2292	0	1
11981	2	1	1	0	28	2292	0	1
11991	2	1	1	0	28	2292	0	1
12001	2	1	1	0	28	2292	0	1
12011	2	1	1	0	28	2292	0	1
12021	2	1	1	0	28	2292	0	1
12031	2	1	1	0	28	2292	0	1
12041	2	1	1	0	28	2292	0	1
12061	2	1	1	0	28	2292	0	1
12081	2	1	1	0	28	2292	0	1
12091	2	1	1	0	28	2292	0	1
12101	2	1	1	0	28	2292	0	1
12111	2	1	1	0	28	2292	0	1
12121	2	1	1	0	28	2292	0	1
12131	2	1	1	0	28	2292	0	1
12141	2	1	1	0	28	2292	0	1
12151	2	1	1	0	28	2292	0	1
12161	2	1	1	0	28	2292	0	1
12171	2	1	1	0	28	2292	0	1
12181	2	1	1	0	28	2292	0	1
12191	2	1	1	0	28	2292	0	1
12201	2	1	1	0	28	2292	0	1
12211	2	1	1	0	28	2292	0	1
12221	2	1	1	0	28	2292	0	1
12231	2	1	1	0	28	2292	0	1
12241	2	1	1	0	28	2292	0	1
12251	2	1	1	0	28	2292	0	1
12261	2	1	1	0	28	2292	0	1
12271	2	1	1	0	28	2292	0	1
12281	2	1	1	0	28	2292	0	1
12291	2	1	1	0	28	2292	0	1
12301	2	1	1	0	28	2292	0	1
12311	2	1	1	0	28	2292	0	1
12321	2	1	1	0	28	2292	0	1
12331	2	1	1	0	28	2292	0	1
12341	2	1	1	0	28	2292	0	1
12361	2	1	1	0	28	2292	0	1
12371	2	1	1	0	28	2292	0	1
12381	2	1	1	0	28	2292	0	1
12391	2	1	1	0	28	2292	0	1
12401	2	1	1	0	28	2292	0	1
12411	2	1	1	0	28	2292	0	1
12421	2	1	1	0	28	2292	0	1
12441	2	1	1	0	28	2292	0	1
12451	2	1	1	0	28	2292	0	1
12461	2	1	1	0	28	2292	0	1
12471	2	1	1	0	28	2292	0	1
12481	2	1	1	0	28	2292	0	1
12491	2	1	1	0	28	2292	0	1
12501	2	1	1	0	28	2292	0	1
12511	2	1	1	0	28	2292	0	1
12521	2	1	1	0	28	2292	0	1
12531	2	1	1	0	28	2292	0	1
12541	2	1	1	0	28	2292	0	1
12551	2	1	1	0	28	2292	0	1
12561	2	1	1	0	28	2292	0	1
12571	2	1	1	0	28	2292	0	1
12581	2	1	1	0	28	2292	0	1
12591	2	1	1	0	28	2292	0	1
12601	2	1	1	0	28	2292	0	1
12611	2	1	1	0	28	2292	0	1
12621	2	1	1	0	28	2292	0	1
12631	2	1	1	0	28	2292	0	1
12641	2	1	1	0	28	2292	0	1
12651	2	1	1	0	28	2292	0	1
12661	2	1	1	0	28	2292	0	1
12671	2	1	1	0	28	2292	0	1
12681	2	1	1	0	28	2292	0	1
12691	2	1	1	0	28	2292	0	1
12701	2	1	1	0	28	2292	0	1
12711	2	1	1	0	28	2292	0	1
12721	2	1	1	0	28	2292	0	1
12731	2	1	1	0	28	2292	0	1
12741	2	1	1	0	28	2292	0	1
12751	2	1	1	0	28	2292	0	1
12761	2	1	1	0	28	2292	0	1
12771	2	1	1	0	28	2292	0	1
12781	2	1	1	0	28	2292	0	1
12791	2	1	1	0	28	2292	0	1
12801	2	1	1	0	28	2292	0	1
12811	2	1	1	0	28	2292	0	1
12821	2	1	1	0	28	2292	0	1
12831	2	1	1	0	28	2292	0	1
12841	2	1	1	0	28	2292	0	1
12851	2	1	1	0	28	2292	0	1
12861	2	1	1	0	28	2292	0	1
12871	2	1	1	0	28	2292	0	1
12881	2	1	1	0	28	2292	0	1
12891	2	1	1	0	28	2292	0	1
12901	2	1	1	0	28	2292	0	1
12911	2	1	1	0	28	2292	0	1
12921	2	1	1	0	28	2292	0	1
12941	2	1	1	0	28	2292	0	1
12951	2	1	1	0	28	2292	0	1
12961	2	1	1	0	28	2292	0	1
12971	2	1	1	0	28	2292	0	1
12981	2	1	1	0	28	2292	0	1
12991	2	1	1	0	28	2292	0	1
13001	2	1	1	0	28	2292	0	1
13011	2	1	1	0	28	2292	0	1
13021	2	1	1	0	28	2292	0	1
13031	2	1	1	0	28	2292	0	1
13041	2	1	1	0	28	2292	0	1
13051	2	1	1	0	28	2292	0	1
13061	2	1	1	0	28	2292	0	1
13071	2	1	1	0	28	2292	0	1
13081	2	1	1	0	28	2292	0	1
13091	2	1	1	0	28	2292	0	1
13101	2	1	1	0	28	2292	0	1
13111	2	1	1	0	28	2292	0	1
13121	2	1	1	0	28	2292	0	1
13131	2	1	1	0	28	2292	0	1
13141	2	1	1	0	28	2292	0	1
13151	2	1	1	0	28	2292	0	1
13161	2	1	1	0	28	2292	0	1
13171	2	1	1	0	28	2292	0	1
13181	2	1	1	0	28	2292	0	1
13191	2	1	1	0	28	2292	0	1
13201	2	1	1	0	28	2292	0	1
13221	2	1	1	0	28	2292	0	1
13231	2	1	1	0	28	2292	0	1
13241	2	1	1	0	28	2292	0	1
13251	2	1	1	0	28	2292	0	1
13261	2	1	1	0	28	2292	0	1
13271	2	1	1	0	28	2292	0	1
13281	2	1	1	0	28	2292	0	1
13291	2	1	1	0	28	2292	0	1
13301	2	1	1	0	28	2292	0	1
13311	2	1	1	0	28	2292	0	1
13321	2	1	1	0	28	2292	0	1
13352	2	1	1	0	28	2292	0	1
13361	2	1	1	0	28	2292	0	1
13371	2	1	1	0	28	2292	0	1
13381	2	1	1	0	28	2292	0	1
13391	2	1	1	0	28	2292	0	1
13401	2	1	1	0	28	2292	0	1
13411	2	1	1	0	28	2292	0	1
13421	2	1	1	0	28	2292	0	1
13431	2	1	1	0	28	2292	0	1
13451	2	1	1	0	28	2292	0	1
13461	2	1	1	0	28	2292	0	1
13471	2	1	1	0	28	2292	0	1
13481	2	1	1	0	28	2292	0	1
13491	2	1	1	0	28	2292	0	1
13501	2	1	1	0	28	2292	0	1
13511	2	1	1	0	28	2292	0	1
13521	2	1	1	0	28	2292	0	1
13531	2	1	1	0	28	2292	0	1
13541	2	1	1	0	28	2292	0	1
13551	2	1	1	0	28	2292	0	1
13561	2	1	1	0	28	2292	0	1
13581	2	1	1	0	28	2292	0	1
13591	2	1	1	0	28	2292	0	1
13601	2	1	1	0	28	2292	0	1
13611	2	1	1	0	28	2292	0	1
13621	2	1	1	0	28	2292	0	1
13631	2	1	1	0	28	2292	0	1
13641	2	1	1	0	28	2292	0	1
13651	2	1	1	0	28	2292	0	1
13661	2	1	1	0	28	2292	0	1
13671	2	1	1	0	28	2292	0	1
13681	2	1	1	0	28	2292	0	1
13691	2	1	1	0	28	2292	0	1
13701	2	1	1	0	28	2292	0	1
13711	2	1	1	0	28	2292	0	1
13721	2	1	1	0	28	2292	0	1
13731	2	1	1	0	28	2292	0	1
13741	2	1	1	0	28	2292	0	1
13751	2	1	1	0	28	2292	0	1
13761	2	1	1	0	28	2292	0	1
13771	2	1	1	0	28	2292	0	1
13781	2	1	1	0	28	2292	0	1
13791	2	1	1	0	28	2292	0	1
13821	2	1	1	0	28	2292	0	1
13822	2	1	1	0	28	2292	0	1
13831	2	1	1	0	28	2292	0	1
13841	2	1	1	0	28	2292	0	1
13851	2	1	1	0	28	2292	0	1
13861	2	1	1	0	28	2292	0	1
13871	2	1	1	0	28	2292	0	1
13881	2	1	1	0	28	2292	0	1
13891	2	1	1	0	28	2292	0	1
13901	2	1	1	0	28	2292	0	1
13931	2	1	1	0	28	2292	0	1
13932	2	1	1	0	28	2292	0	1
13941	2	1	1	0	28	2292	0	1
13961	2	1	1	0	28	2292	0	1
13971	2	1	1	0	28	2292	0	1
13981	2	1	1	0	28	2292	0	1
13991	2	1	1	0	28	2292	0	1
14001	2	1	1	0	28	2292	0	1
14011	2	1	1	0	28	2292	0	1
14021	2	1	1	0	28	2292	0	1
14031	2	1	1	0	28	2292	0	1
14051	2	1	1	0	28	2292	0	1
14061	2	1	1	0	28	2292	0	1
14071	2	1	1	0	28	2292	0	1
14081	2	1	1	0	28	2292	0	1
14091	2	1	1	0	28	2292	0	1
14101	2	1	1	0	28	2292	0	1
14131	2	1	1	0	28	2292	0	1
14132	2	1	1	0	28	2292	0	1
14141	2	1	1	0	28	2292	0	1
14151	2	1	1	0	28	2292	0	1
14161	2	1	1	0	28	2292	0	1
14181	2	1	1	0	28	2292	0	1
14191	2	1	1	0	28	2292	0	1
14201	2	1	1	0	28	2292	0	1
14211	2	1	1	0	28	2292	0	1
14221	2	1	1	0	28	2292	0	1
14231	2	1	1	0	28	2292	0	1
14241	2	1	1	0	28	2292	0	1
14251	2	1	1	0	28	2292	0	1
14261	2	1	1	0	28	2292	0	1
14271	2	1	1	0	28	2292	0	1
14281	2	1	1	0	28	2292	0	1
14291	2	1	1	0	28	2292	0	1
14301	2	1	1	0	28	2292	0	1
14311	2	1	1	0	28	2292	0	1
14321	2	1	1	0	28	2292	0	1
14331	2	1	1	0	28	2292	0	1
14341	2	1	1	0	28	2292	0	1
14351	2	1	1	0	28	2292	0	1
14361	2	1	1	0	28	2292	0	1
14371	2	1	1	0	28	2292	0	1
14381	2	1	1	0	28	2292	0	1
14391	2	1	1	0	28	2292	0	1
14401	2	1	1	0	28	2292	0	1
14411	2	1	1	0	28	2292	0	1
14421	2	1	1	0	28	2292	0	1
14431	2	1	1	0	28	2292	0	1
14441	2	1	1	0	28	2292	0	1
14451	2	1	1	0	28	2292	0	1
14461	2	1	1	0	28	2292	0	1
14471	2	1	1	0	28	2292	0	1
14481	2	1	1	0	28	2292	0	1
14491	2	1	1	0	28	2292	0	1
14501	2	1	1	0	28	2292	0	1
14511	2	1	1	0	28	2292	0	1
14521	2	1	1	0	28	2292	0	1
14531	2	1	1	0	28	2292	0	1
14541	2	1	1	0	28	2292	0	1
14551	2	1	1	0	28	2292	0	1
14561	2	1	1	0	28	2292	0	1
14571	2	1	1	0	28	2292	0	1
14581	2	1	1	0	28	2292	0	1
14591	2	1	1	0	28	2292	0	1
14601	2	1	1	0	28	2292	0	1
14611	2	1	1	0	28	2292	0	1
14621	2	1	1	0	28	2292	0	1
14631	2	1	1	0	28	2292	0	1
14641	2	1	1	0	28	2292	0	1
14651	2	1	1	0	28	2292	0	1
14661	2	1	1	0	28	2292	0	1
14671	2	1	1	0	28	2292	0	1
14681	2	1	1	0	28	2292	0	1
14691	2	1	1	0	28	2292	0	1
14701	2	1	1	0	28	2292	0	1
14711	2	1	1	0	28	2292	0	1
14721	2	1	1	0	28	2292	0	1
14731	2	1	1	0	28	2292	0	1
14741	2	1	1	0	28	2292	0	1
14751	2	1	1	0	28	2292	0	1
14761	2	1	1	0	28	2292	0	1
14771	2	1	1	0	28	2292	0	1
14781	2	1	1	0	28	2292	0	1
14791	2	1	1	0	28	2292	0	1
14801	2	1	1	0	28	2292	0	1
14811	2	1	1	0	28	2292	0	1
14821	2	1	1	0	28	2292	0	1
14831	2	1	1	0	28	2292	0	1
14841	2	1	1	0	28	2292	0	1
14851	2	1	1	0	28	2292	0	1
14861	2	1	1	0	28	2292	0	1
14871	2	1	1	0	28	2292	0	1
14881	2	1	1	0	28	2292	0	1
14891	2	1	1	0	28	2292	0	1
14901	2	1	1	0	28	2292	0	1
14911	2	1	1	0	28	2292	0	1
14921	2	1	1	0	28	2292	0	1
14931	2	1	1	0	28	2292	0	1
14941	2	1	1	0	28	2292	0	1
14951	2	1	1	0	28	2292	0	1
14961	2	1	1	0	28	2292	0	1
14971	2	1	1	0	28	2292	0	1
14981	2	1	1	0	28	2292	0	1
14991	2	1	1	0	28	2292	0	1
15001	2	1	1	0	28	2292	0	1
15011	2	1	1	0	28	2292	0	1
15021	2	1	1	0	28	2292	0	1
15031	2	1	1	0	28	2292	0	1
15041	2	1	1	0	28	2292	0	1
15051	2	1	1	0	28	2292	0	1
15061	2	1	1	0	28	2292	0	1
15071	2	1	1	0	28	2292	0	1
15091	2	1	1	0	28	2292	0	1
15101	2	1	1	0	28	2292	0	1
15111	2	1	1	0	28	2292	0	1
15121	2	1	1	0	28	2292	0	1
15131	2	1	1	0	28	2292	0	1
15141	2	1	1	0	28	2292	0	1
15151	2	1	1	0	28	2292	0	1
15161	2	1	1	0	28	2292	0	1
15171	2	1	1	0	28	2292	0	1
15181	2	1	1	0	28	2292	0	1
15191	2	1	1	0	28	2292	0	1
15201	2	1	1	0	28	2292	0	1
15211	2	1	1	0	28	2292	0	1
15221	2	1	1	0	28	2292	0	1
15231	2	1	1	0	28	2292	0	1
15241	2	1	1	0	28	2292	0	1
15251	2	1	1	0	28	2292	0	1
15261	2	1	1	0	28	2292	0	1
15271	2	1	1	0	28	2292	0	1
15281	2	1	1	0	28	2292	0	1
15291	2	1	1	0	28	2292	0	1
15301	2	1	1	0	28	2292	0	1
15311	2	1	1	0	28	2292	0	1
15321	2	1	1	0	28	2292	0	1
15331	2	1	1	0	28	2292	0	1
15351	2	1	1	0	28	2292	0	1
15361	2	1	1	0	28	2292	0	1
15371	2	1	1	0	28	2292	0	1
15381	2	1	1	0	28	2292	0	1
15391	2	1	1	0	28	2292	0	1
15401	2	1	1	0	28	2292	0	1
15411	2	1	1	0	28	2292	0	1
15421	2	1	1	0	28	2292	0	1
15431	2	1	1	0	28	2292	0	1
15441	2	1	1	0	28	2292	0	1
15451	2	1	1	0	28	2292	0	1
15461	2	1	1	0	28	2292	0	1
15471	2	1	1	0	28	2292	0	1
15481	2	1	1	0	28	2292	0	1
15491	2	1	1	0	28	2292	0	1
15501	2	1	1	0	28	2292	0	1
15511	2	1	1	0	28	2292	0	1
15521	2	1	1	0	28	2292	0	1
15531	2	1	1	0	28	2292	0	1
15541	2	1	1	0	28	2292	0	1
15551	2	1	1	0	28	2292	0	1
15561	2	1	1	0	28	2292	0	1
15571	2	1	1	0	28	2292	0	1
15581	2	1	1	0	28	2292	0	1
15591	2	1	1	0	28	2292	0	1
15601	2	1	1	0	28	2292	0	1
15611	2	1	1	0	28	2292	0	1
15621	2	1	1	0	28	2292	0	1
15631	2	1	1	0	28	2292	0	1
15641	2	1	1	0	28	2292	0	1
15651	2	1	1	0	28	2292	0	1
15671	2	1	1	0	28	2292	0	1
15681	2	1	1	0	28	2292	0	1
15691	2	1	1	0	28	2292	0	1
15701	2	1	1	0	28	2292	0	1
15711	2	1	1	0	28	2292	0	1
15721	2	1	1	0	28	2292	0	1
15731	2	1	1	0	28	2292	0	1
15741	2	1	1	0	28	2292	0	1
15751	2	1	1	0	28	2292	0	1
15761	2	1	1	0	28	2292	0	1
15771	2	1	1	0	28	2292	0	1
15781	2	1	1	0	28	2292	0	1
15791	2	1	1	0	28	2292	0	1
15801	2	1	1	0	28	2292	0	1
15811	2	1	1	0	28	2292	0	1
15821	2	1	1	0	28	2292	0	1
15831	2	1	1	0	28	2292	0	1
15841	2	1	1	0	28	2292	0	1
15861	2	1	1	0	28	2292	0	1
15871	2	1	1	0	28	2292	0	1
15881	2	1	1	0	28	2292	0	1
15901	2	1	1	0	28	2292	0	1
15911	2	1	1	0	28	2292	0	1
15921	2	1	1	0	28	2292	0	1
15931	2	1	1	0	28	2292	0	1
15941	2	1	1	0	28	2292	0	1
15951	2	1	1	0	28	2292	0	1
15961	2	1	1	0	28	2292	0	1
15971	2	1	1	0	28	2292	0	1
15991	2	1	1	0	28	2292	0	1
16001	2	1	1	0	28	2292	0	1
16011	2	1	1	0	28	2292	0	1
16021	2	1	1	0	28	2292	0	1
16031	2	1	1	0	28	2292	0	1
16041	2	1	1	0	28	2292	0	1
16051	2	1	1	0	28	2292	0	1
16061	2	1	1	0	28	2292	0	1
16071	2	1	1	0	28	2292	0	1
16081	2	1	1	0	28	2292	0	1
16091	2	1	1	0	28	2292	0	1
16101	2	1	1	0	28	2292	0	1
16111	2	1	1	0	28	2292	0	1
16121	2	1	1	0	28	2292	0	1
16131	2	1	1	0	28	2292	0	1
16141	2	1	1	0	28	2292	0	1
16151	2	1	1	0	28	2292	0	1
16161	2	1	1	0	28	2292	0	1
16171	2	1	1	0	28	2292	0	1
16181	2	1	1	0	28	2292	0	1
16191	2	1	1	0	28	2292	0	1
16201	2	1	1	0	28	2292	0	1
16211	2	1	1	0	28	2292	0	1
16221	2	1	1	0	28	2292	0	1
16231	2	1	1	0	28	2292	0	1
16241	2	1	1	0	28	2292	0	1
16251	2	1	1	0	28	2292	0	1
16261	2	1	1	0	28	2292	0	1
16271	2	1	1	0	28	2292	0	1
16281	2	1	1	0	28	2292	0	1
16291	2	1	1	0	28	2292	0	1
16301	2	1	1	0	28	2292	0	1
16311	2	1	1	0	28	2292	0	1
16321	2	1	1	0	28	2292	0	1
16331	2	1	1	0	28	2292	0	1
16341	2	1	1	0	28	2292	0	1
16351	2	1	1	0	28	2292	0	1
16361	2	1	1	0	28	2292	0	1
16371	2	1	1	0	28	2292	0	1
16381	2	1	1	0	28	2292	0	1
16391	2	1	1	0	28	2292	0	1
16401	2	1	1	0	28	2292	0	1
16411	2	1	1	0	28	2292	0	1
16421	2	1	1	0	28	2292	0	1
16431	2	1	1	0	28	2292	0	1
16441	2	1	1	0	28	2292	0	1
16451	2	1	1	0	28	2292	0	1
16461	2	1	1	0	28	2292	0	1
16471	2	1	1	0	28	2292	0	1
16481	2	1	1	0	28	2292	0	1
16501	3	1	1	0	0	85	0	1
16502	3	1	1	0	0	85	0	1
16503	3	1	1	0	0	85	0	1
16504	3	1	1	0	0	85	0	1
16505	3	1	1	0	0	85	0	1
16506	3	1	1	0	0	85	0	1
16508	3	1	1	0	28	2292	0	1
16511	3	1	1	0	28	2292	0	1
16521	3	1	1	0	28	2292	0	1
16531	3	1	1	0	28	2292	0	1
16541	3	1	1	0	28	2292	0	1
16551	3	1	1	0	28	2292	0	1
16561	3	1	1	0	28	2292	0	1
16571	3	1	1	0	28	2292	0	1
16581	3	1	1	0	28	2292	0	1
16591	3	1	1	0	28	2292	0	1
16601	3	1	1	0	28	2292	0	1
16611	3	1	1	0	28	2292	0	1
16621	3	1	1	0	28	2292	0	1
16631	3	1	1	0	28	2292	0	1
16641	3	1	1	0	28	2292	0	1
16651	3	1	1	0	28	2292	0	1
16671	3	1	1	0	28	2292	0	1
16681	3	1	1	0	28	2292	0	1
16701	3	1	1	0	28	2292	0	1
16711	3	1	1	0	28	2292	0	1
16721	3	1	1	0	28	2292	0	1
16741	3	1	1	0	28	2292	0	1
16751	3	1	1	0	28	2292	0	1
16761	3	1	1	0	28	2292	0	1
16771	3	1	1	0	28	2292	0	1
16781	3	1	1	0	28	2292	0	1
16791	3	1	1	0	28	2292	0	1
16801	3	1	1	0	28	2292	0	1
16811	3	1	1	0	28	2292	0	1
16831	3	1	1	0	28	2292	0	1
16841	3	1	1	0	28	2292	0	1
16851	3	1	1	0	28	2292	0	1
16861	3	1	1	0	28	2292	0	1
16871	3	1	1	0	28	2292	0	1
16881	3	1	1	0	28	2292	0	1
16891	3	1	1	0	28	2292	0	1
16901	3	1	1	0	28	2292	0	1
16911	3	1	1	0	28	2292	0	1
16921	3	1	1	0	28	2292	0	1
16931	3	1	1	0	28	2292	0	1
16941	3	1	1	0	28	2292	0	1
16951	3	1	1	0	28	2292	0	1
16961	3	1	1	0	28	2292	0	1
16971	3	1	1	0	28	2292	0	1
16991	3	1	1	0	28	2292	0	1
17001	3	1	1	0	28	2292	0	1
17011	3	1	1	0	28	2292	0	1
17021	3	1	1	0	28	2292	0	1
17031	3	1	1	0	28	2292	0	1
17041	3	1	1	0	28	2292	0	1
17051	3	1	1	0	28	2292	0	1
17061	3	1	1	0	28	2292	0	1
17071	3	1	1	0	28	2292	0	1
17081	3	1	1	0	28	2292	0	1
17091	3	1	1	0	28	2292	0	1
17101	3	1	1	0	28	2292	0	1
17111	3	1	1	0	28	2292	0	1
17121	3	1	1	0	28	2292	0	1
17131	3	1	1	0	28	2292	0	1
17141	3	1	1	0	28	2292	0	1
17151	3	1	1	0	28	2292	0	1
17161	3	1	1	0	28	2292	0	1
17171	3	1	1	0	28	2292	0	1
17181	3	1	1	0	28	2292	0	1
17191	3	1	1	0	28	2292	0	1
17201	3	1	1	0	28	2292	0	1
17211	3	1	1	0	28	2292	0	1
17221	3	1	1	0	28	2292	0	1
17231	3	1	1	0	28	2292	0	1
17241	3	1	1	0	28	2292	0	1
17251	3	1	1	0	28	2292	0	1
17261	3	1	1	0	28	2292	0	1
17271	3	1	1	0	28	2292	0	1
17281	3	1	1	0	28	2292	0	1
17291	3	1	1	0	28	2292	0	1
17301	3	1	1	0	28	2292	0	1
17311	3	1	1	0	28	2292	0	1
17321	3	1	1	0	28	2292	0	1
17331	3	1	1	0	28	2292	0	1
17341	3	1	1	0	28	2292	0	1
17351	3	1	1	0	28	2292	0	1
17361	3	1	1	0	28	2292	0	1
17371	3	1	1	0	28	2292	0	1
17381	3	1	1	0	28	2292	0	1
17401	3	1	1	0	28	2292	0	1
17421	3	1	1	0	28	2292	0	1
17431	3	1	1	0	28	2292	0	1
17441	3	1	1	0	28	2292	0	1
17451	3	1	1	0	28	2292	0	1
17461	3	1	1	0	28	2292	0	1
17471	3	1	1	0	28	2292	0	1
17481	3	1	1	0	28	2292	0	1
17491	3	1	1	0	28	2292	0	1
17501	3	1	1	0	28	2292	0	1
17511	3	1	1	0	28	2292	0	1
17521	3	1	1	0	28	2292	0	1
17531	3	1	1	0	28	2292	0	1
17541	3	1	1	0	28	2292	0	1
17551	3	1	1	0	28	2292	0	1
17561	3	1	1	0	28	2292	0	1
17571	3	1	1	0	28	2292	0	1
17581	3	1	1	0	28	2292	0	1
17591	3	1	1	0	28	2292	0	1
17601	3	1	1	0	28	2292	0	1
17611	3	1	1	0	28	2292	0	1
17621	3	1	1	0	28	2292	0	1
17631	3	1	1	0	28	2292	0	1
17641	3	1	1	0	28	2292	0	1
17651	3	1	1	0	28	2292	0	1
17661	3	1	1	0	28	2292	0	1
17671	3	1	1	0	28	2292	0	1
17681	3	1	1	0	28	2292	0	1
17691	3	1	1	0	28	2292	0	1
17701	3	1	1	0	28	2292	0	1
17711	3	1	1	0	28	2292	0	1
17721	3	1	1	0	28	2292	0	1
17731	3	1	1	0	28	2292	0	1
17741	3	1	1	0	28	2292	0	1
17751	3	1	1	0	28	2292	0	1
17761	3	1	1	0	28	2292	0	1
17781	3	1	1	0	28	2292	0	1
17791	3	1	1	0	28	2292	0	1
17801	3	1	1	0	28	2292	0	1
17811	3	1	1	0	28	2292	0	1
17821	3	1	1	0	28	2292	0	1
17831	3	1	1	0	28	2292	0	1
17841	3	1	1	0	28	2292	0	1
17851	3	1	1	0	28	2292	0	1
17861	3	1	1	0	28	2292	0	1
17871	3	1	1	0	28	2292	0	1
17881	3	1	1	0	28	2292	0	1
17891	3	1	1	0	28	2292	0	1
17901	3	1	1	0	28	2292	0	1
17911	3	1	1	0	28	2292	0	1
17921	3	1	1	0	28	2292	0	1
17931	3	1	1	0	28	2292	0	1
17941	3	1	1	0	28	2292	0	1
17951	3	1	1	0	28	2292	0	1
17971	3	1	1	0	28	2292	0	1
17981	3	1	1	0	28	2292	0	1
17991	3	1	1	0	28	2292	0	1
18001	3	1	1	0	28	2292	0	1
18011	3	1	1	0	28	2292	0	1
18021	3	1	1	0	28	2292	0	1
18041	3	1	1	0	28	2292	0	1
18051	3	1	1	0	28	2292	0	1
18061	3	1	1	0	28	2292	0	1
18071	3	1	1	0	28	2292	0	1
18081	3	1	1	0	28	2292	0	1
18091	3	1	1	0	28	2292	0	1
18101	3	1	1	0	28	2292	0	1
18111	3	1	1	0	28	2292	0	1
18121	3	1	1	0	28	2292	0	1
18141	3	1	1	0	28	2292	0	1
18151	3	1	1	0	28	2292	0	1
18161	3	1	1	0	28	2292	0	1
18171	3	1	1	0	28	2292	0	1
18181	3	1	1	0	28	2292	0	1
18191	3	1	1	0	28	2292	0	1
18201	3	1	1	0	28	2292	0	1
18211	3	1	1	0	28	2292	0	1
18221	3	1	1	0	28	2292	0	1
18231	3	1	1	0	28	2292	0	1
18241	3	1	1	0	28	2292	0	1
18251	3	1	1	0	28	2292	0	1
18261	3	1	1	0	28	2292	0	1
18271	3	1	1	0	28	2292	0	1
18281	3	1	1	0	28	2292	0	1
18291	3	1	1	0	28	2292	0	1
18301	3	1	1	0	28	2292	0	1
18321	3	1	1	0	28	2292	0	1
18331	3	1	1	0	28	2292	0	1
18341	3	1	1	0	28	2292	0	1
18351	3	1	1	0	28	2292	0	1
18361	3	1	1	0	28	2292	0	1
18371	3	1	1	0	28	2292	0	1
18381	3	1	1	0	28	2292	0	1
18391	3	1	1	0	28	2292	0	1
18401	3	1	1	0	28	2292	0	1
18411	3	1	1	0	28	2292	0	1
18421	3	1	1	0	28	2292	0	1
18431	3	1	1	0	28	2292	0	1
18441	3	1	1	0	28	2292	0	1
18451	3	1	1	0	28	2292	0	1
18461	3	1	1	0	28	2292	0	1
18471	3	1	1	0	28	2292	0	1
18481	3	1	1	0	28	2292	0	1
18491	3	1	1	0	28	2292	0	1
18501	3	1	1	0	28	2292	0	1
18511	3	1	1	0	28	2292	0	1
18521	3	1	1	0	28	2292	0	1
18531	3	1	1	0	28	2292	0	1
18541	3	1	1	0	28	2292	0	1
18551	3	1	1	0	28	2292	0	1
18561	3	1	1	0	28	2292	0	1
18571	3	1	1	0	28	2292	0	1
18581	3	1	1	0	28	2292	0	1
18591	3	1	1	0	28	2292	0	1
18601	3	1	1	0	28	2292	0	1
18611	3	1	1	0	28	2292	0	1
18621	3	1	1	0	28	2292	0	1
18631	3	1	1	0	28	2292	0	1
18641	3	1	1	0	28	2292	0	1
18651	3	1	1	0	28	2292	0	1
18661	3	1	1	0	28	2292	0	1
18671	3	1	1	0	28	2292	0	1
18681	3	1	1	0	28	2292	0	1
18691	3	1	1	0	28	2292	0	1
18701	3	1	1	0	28	2292	0	1
18711	3	1	1	0	28	2292	0	1
18721	3	1	1	0	28	2292	0	1
18731	3	1	1	0	28	2292	0	1
18741	3	1	1	0	28	2292	0	1
18751	3	1	1	0	28	2292	0	1
18761	3	1	1	0	28	2292	0	1
18771	3	1	1	0	28	2292	0	1
18781	3	1	1	0	28	2292	0	1
18791	3	1	1	0	28	2292	0	1
18801	3	1	1	0	28	2292	0	1
18811	3	1	1	0	28	2292	0	1
18821	3	1	1	0	28	2292	0	1
18831	3	1	1	0	28	2292	0	1
18841	3	1	1	0	28	2292	0	1
18851	3	1	1	0	28	2292	0	1
18861	3	1	1	0	28	2292	0	1
18871	3	1	1	0	28	2292	0	1
18881	3	1	1	0	28	2292	0	1
18891	3	1	1	0	28	2292	0	1
18901	3	1	1	0	28	2292	0	1
18911	3	1	1	0	28	2292	0	1
18921	3	1	1	0	28	2292	0	1
18931	3	1	1	0	28	2292	0	1
18941	3	1	1	0	28	2292	0	1
18951	3	1	1	0	28	2292	0	1
18961	3	1	1	0	28	2292	0	1
18971	3	1	1	0	28	2292	0	1
18981	3	1	1	0	28	2292	0	1
18991	3	1	1	0	28	2292	0	1
19001	3	1	1	0	28	2292	0	1
19021	4	1	1	0	0	85	0	1
19022	4	1	1	0	0	85	0	1
19023	4	1	1	0	0	85	0	1
19024	4	1	1	0	0	85	0	1
19025	4	1	1	0	0	85	0	1
19027	4	1	1	0	0	85	0	1
19028	4	1	1	0	28	2292	0	1
19031	4	1	1	0	28	2292	0	1
19041	4	1	1	0	28	2292	0	1
19051	4	1	1	0	28	2292	0	1
19061	4	1	1	0	28	2292	0	1
19071	4	1	1	0	28	2292	0	1
19081	4	1	1	0	28	2292	0	1
19091	4	1	1	0	28	2292	0	1
19101	4	1	1	0	28	2292	0	1
19111	4	1	1	0	28	2292	0	1
19121	4	1	1	0	28	2292	0	1
19131	4	1	1	0	28	2292	0	1
19141	4	1	1	0	28	2292	0	1
19151	4	1	1	0	28	2292	0	1
19161	4	1	1	0	28	2292	0	1
19171	4	1	1	0	28	2292	0	1
19181	4	1	1	0	28	2292	0	1
19191	4	1	1	0	28	2292	0	1
19201	4	1	1	0	28	2292	0	1
19211	4	1	1	0	28	2292	0	1
19221	4	1	1	0	28	2292	0	1
19231	4	1	1	0	28	2292	0	1
19241	4	1	1	0	28	2292	0	1
19251	4	1	1	0	28	2292	0	1
19261	4	1	1	0	28	2292	0	1
19271	4	1	1	0	28	2292	0	1
19281	4	1	1	0	28	2292	0	1
19291	4	1	1	0	28	2292	0	1
19301	4	1	1	0	28	2292	0	1
19311	4	1	1	0	28	2292	0	1
19321	4	1	1	0	28	2292	0	1
19331	4	1	1	0	28	2292	0	1
19341	4	1	1	0	28	2292	0	1
19351	4	1	1	0	28	2292	0	1
19361	4	1	1	0	28	2292	0	1
19371	4	1	1	0	28	2292	0	1
19381	4	1	1	0	28	2292	0	1
19391	4	1	1	0	28	2292	0	1
19401	4	1	1	0	28	2292	0	1
19411	4	1	1	0	28	2292	0	1
19421	4	1	1	0	28	2292	0	1
19431	4	1	1	0	28	2292	0	1
19441	4	1	1	0	28	2292	0	1
19451	4	1	1	0	28	2292	0	1
19461	4	1	1	0	28	2292	0	1
19471	4	1	1	0	28	2292	0	1
19481	4	1	1	0	28	2292	0	1
19491	4	1	1	0	28	2292	0	1
19501	4	1	1	0	28	2292	0	1
19511	4	1	1	0	28	2292	0	1
19521	4	1	1	0	28	2292	0	1
19531	4	1	1	0	28	2292	0	1
19541	4	1	1	0	28	2292	0	1
19551	4	1	1	0	28	2292	0	1
19561	4	1	1	0	28	2292	0	1
19571	4	1	1	0	28	2292	0	1
19581	4	1	1	0	28	2292	0	1
19591	4	1	1	0	28	2292	0	1
19601	4	1	1	0	28	2292	0	1
19611	4	1	1	0	28	2292	0	1
19621	4	1	1	0	28	2292	0	1
19631	4	1	1	0	28	2292	0	1
19641	4	1	1	0	28	2292	0	1
19661	4	1	1	0	28	2292	0	1
19671	4	1	1	0	28	2292	0	1
19681	4	1	1	0	28	2292	0	1
19691	4	1	1	0	28	2292	0	1
19701	4	1	1	0	28	2292	0	1
19711	4	1	1	0	28	2292	0	1
19721	4	1	1	0	28	2292	0	1
19731	4	1	1	0	28	2292	0	1
19741	4	1	1	0	28	2292	0	1
19751	4	1	1	0	28	2292	0	1
19761	4	1	1	0	28	2292	0	1
19771	4	1	1	0	28	2292	0	1
19781	4	1	1	0	28	2292	0	1
19791	4	1	1	0	28	2292	0	1
19801	4	1	1	0	28	2292	0	1
19811	4	1	1	0	28	2292	0	1
19821	4	1	1	0	28	2292	0	1
19831	4	1	1	0	28	2292	0	1
19841	4	1	1	0	28	2292	0	1
19851	4	1	1	0	28	2292	0	1
19861	4	1	1	0	28	2292	0	1
19871	4	1	1	0	28	2292	0	1
19891	4	1	1	0	28	2292	0	1
19901	4	1	1	0	28	2292	0	1
19911	4	1	1	0	28	2292	0	1
19921	4	1	1	0	28	2292	0	1
19931	4	1	1	0	28	2292	0	1
19941	4	1	1	0	28	2292	0	1
19951	4	1	1	0	28	2292	0	1
19961	4	1	1	0	28	2292	0	1
19971	4	1	1	0	28	2292	0	1
19981	4	1	1	0	28	2292	0	1
20001	4	1	1	0	28	2292	0	1
20011	4	1	1	0	28	2292	0	1
20021	4	1	1	0	28	2292	0	1
20031	4	1	1	0	28	2292	0	1
20041	4	1	1	0	28	2292	0	1
20051	4	1	1	0	28	2292	0	1
20061	4	1	1	0	28	2292	0	1
20071	4	1	1	0	28	2292	0	1
20081	4	1	1	0	28	2292	0	1
20091	4	1	1	0	28	2292	0	1
20101	4	1	1	0	28	2292	0	1
20111	4	1	1	0	28	2292	0	1
20121	4	1	1	0	28	2292	0	1
20131	4	1	1	0	28	2292	0	1
20141	4	1	1	0	28	2292	0	1
20151	4	1	1	0	28	2292	0	1
20161	4	1	1	0	28	2292	0	1
20171	4	1	1	0	28	2292	0	1
20181	4	1	1	0	28	2292	0	1
20191	4	1	1	0	28	2292	0	1
20201	4	1	1	0	28	2292	0	1
20211	4	1	1	0	28	2292	0	1
20221	4	1	1	0	28	2292	0	1
20231	4	1	1	0	28	2292	0	1
20241	4	1	1	0	28	2292	0	1
20251	4	1	1	0	28	2292	0	1
20261	4	1	1	0	28	2292	0	1
20271	4	1	1	0	28	2292	0	1
20281	4	1	1	0	28	2292	0	1
20291	4	1	1	0	28	2292	0	1
20301	4	1	1	0	28	2292	0	1
20311	4	1	1	0	28	2292	0	1
20321	4	1	1	0	28	2292	0	1
20331	4	1	1	0	28	2292	0	1
20341	4	1	1	0	28	2292	0	1
20351	4	1	1	0	28	2292	0	1
20361	4	1	1	0	28	2292	0	1
20371	4	1	1	0	28	2292	0	1
20381	4	1	1	0	28	2292	0	1
20391	4	1	1	0	28	2292	0	1
20401	4	1	1	0	28	2292	0	1
20411	4	1	1	0	28	2292	0	1
20421	4	1	1	0	28	2292	0	1
20431	4	1	1	0	28	2292	0	1
20441	4	1	1	0	28	2292	0	1
20451	4	1	1	0	28	2292	0	1
20461	4	1	1	0	28	2292	0	1
20471	4	1	1	0	28	2292	0	1
20481	4	1	1	0	28	2292	0	1
20491	4	1	1	0	28	2292	0	1
20501	4	1	1	0	28	2292	0	1
20511	4	1	1	0	28	2292	0	1
20521	4	1	1	0	28	2292	0	1
20531	4	1	1	0	28	2292	0	1
20541	4	1	1	0	28	2292	0	1
20551	4	1	1	0	28	2292	0	1
20561	4	1	1	0	28	2292	0	1
20571	4	1	1	0	28	2292	0	1
20581	4	1	1	0	28	2292	0	1
20591	4	1	1	0	28	2292	0	1
20601	4	1	1	0	28	2292	0	1
20611	4	1	1	0	28	2292	0	1
20621	4	1	1	0	28	2292	0	1
20631	4	1	1	0	28	2292	0	1
20641	4	1	1	0	28	2292	0	1
20651	4	1	1	0	28	2292	0	1
20661	4	1	1	0	28	2292	0	1
20671	4	1	1	0	28	2292	0	1
20681	4	1	1	0	28	2292	0	1
20691	4	1	1	0	28	2292	0	1
20701	4	1	1	0	28	2292	0	1
20711	4	1	1	0	28	2292	0	1
20721	4	1	1	0	28	2292	0	1
20731	4	1	1	0	28	2292	0	1
20741	4	1	1	0	28	2292	0	1
20751	4	1	1	0	28	2292	0	1
20761	4	1	1	0	28	2292	0	1
20771	4	1	1	0	28	2292	0	1
20781	4	1	1	0	28	2292	0	1
20791	4	1	1	0	28	2292	0	1
20801	4	1	1	0	28	2292	0	1
20811	4	1	1	0	28	2292	0	1
20821	4	1	1	0	28	2292	0	1
20831	4	1	1	0	28	2292	0	1
20841	4	1	1	0	28	2292	0	1
20851	4	1	1	0	28	2292	0	1
20861	4	1	1	0	28	2292	0	1
20871	4	1	1	0	28	2292	0	1
20881	4	1	1	0	28	2292	0	1
20891	4	1	1	0	28	2292	0	1
20901	4	1	1	0	28	2292	0	1
20911	4	1	1	0	28	2292	0	1
20921	4	1	1	0	28	2292	0	1
20931	4	1	1	0	28	2292	0	1
20941	4	1	1	0	28	2292	0	1
20951	4	1	1	0	28	2292	0	1
20961	4	1	1	0	28	2292	0	1
20971	4	1	1	0	28	2292	0	1
20981	4	1	1	0	28	2292	0	1
20991	4	1	1	0	28	2292	0	1
21001	4	1	1	0	28	2292	0	1
21011	4	1	1	0	28	2292	0	1
21021	4	1	1	0	28	2292	0	1
21031	4	1	1	0	28	2292	0	1
21041	4	1	1	0	28	2292	0	1
21051	4	1	1	0	28	2292	0	1
21061	4	1	1	0	28	2292	0	1
21071	4	1	1	0	28	2292	0	1
21081	4	1	1	0	28	2292	0	1
21091	4	1	1	0	28	2292	0	1
21101	4	1	1	0	28	2292	0	1
21111	4	1	1	0	28	2292	0	1
21121	4	1	1	0	28	2292	0	1
21131	4	1	1	0	28	2292	0	1
21141	4	1	1	0	28	2292	0	1
21151	4	1	1	0	28	2292	0	1
21161	4	1	1	0	28	2292	0	1
21171	4	1	1	0	28	2292	0	1
21181	4	1	1	0	28	2292	0	1
21191	4	1	1	0	28	2292	0	1
21201	4	1	1	0	28	2292	0	1
21211	4	1	1	0	28	2292	0	1
21221	4	1	1	0	28	2292	0	1
21231	4	1	1	0	28	2292	0	1
21241	4	1	1	0	28	2292	0	1
21251	4	1	1	0	28	2292	0	1
21261	4	1	1	0	28	2292	0	1
21271	4	1	1	0	28	2292	0	1
21281	4	1	1	0	28	2292	0	1
21291	4	1	1	0	28	2292	0	1
21301	4	1	1	0	28	2292	0	1
21311	4	1	1	0	28	2292	0	1
21331	4	1	1	0	28	2292	0	1
21341	4	1	1	0	28	2292	0	1
21351	4	1	1	0	28	2292	0	1
21371	4	1	1	0	28	2292	0	1
21381	4	1	1	0	28	2292	0	1
21391	4	1	1	0	28	2292	0	1
21401	4	1	1	0	28	2292	0	1
21411	4	1	1	0	28	2292	0	1
21421	4	1	1	0	28	2292	0	1
21431	4	1	1	0	28	2292	0	1
21441	4	1	1	0	28	2292	0	1
21451	4	1	1	0	28	2292	0	1
21461	4	1	1	0	28	2292	0	1
21471	4	1	1	0	28	2292	0	1
21481	4	1	1	0	28	2292	0	1
21491	4	1	1	0	28	2292	0	1
21501	4	1	1	0	28	2292	0	1
21511	4	1	1	0	28	2292	0	1
21521	4	1	1	0	28	2292	0	1
21531	4	1	1	0	28	2292	0	1
21541	4	1	1	0	28	2292	0	1
21551	4	1	1	0	28	2292	0	1
21561	4	1	1	0	28	2292	0	1
21571	4	1	1	0	28	2292	0	1
21581	4	1	1	0	28	2292	0	1
21591	4	1	1	0	28	2292	0	1
21601	4	1	1	0	28	2292	0	1
21611	4	1	1	0	28	2292	0	1
21631	4	1	1	0	28	2292	0	1
21641	4	1	1	0	28	2292	0	1
21651	4	1	1	0	28	2292	0	1
21661	4	1	1	0	28	2292	0	1
21671	4	1	1	0	28	2292	0	1
21681	4	1	1	0	28	2292	0	1
21691	4	1	1	0	28	2292	0	1
21701	4	1	1	0	28	2292	0	1
21711	4	1	1	0	28	2292	0	1
21721	4	1	1	0	28	2292	0	1
21731	4	1	1	0	28	2292	0	1
21741	4	1	1	0	28	2292	0	1
21751	4	1	1	0	28	2292	0	1
21761	4	1	1	0	28	2292	0	1
21771	4	1	1	0	28	2292	0	1
21781	4	1	1	0	28	2292	0	1
21791	4	1	1	0	28	2292	0	1
21801	4	1	1	0	28	2292	0	1
21811	4	1	1	0	28	2292	0	1
21821	4	1	1	0	28	2292	0	1
21831	4	1	1	0	28	2292	0	1
21841	4	1	1	0	28	2292	0	1
21851	4	1	1	0	28	2292	0	1
21861	4	1	1	0	28	2292	0	1
21871	4	1	1	0	28	2292	0	1
21881	4	1	1	0	28	2292	0	1
21891	4	1	1	0	28	2292	0	1
21901	4	1	1	0	28	2292	0	1
21911	4	1	1	0	28	2292	0	1
21921	4	1	1	0	28	2292	0	1
21931	4	1	1	0	28	2292	0	1
21941	4	1	1	0	28	2292	0	1
21951	4	1	1	0	28	2292	0	1
21961	4	1	1	0	28	2292	0	1
21971	4	1	1	0	28	2292	0	1
21981	4	1	1	0	28	2292	0	1
21991	4	1	1	0	28	2292	0	1
22001	4	1	1	0	28	2292	0	1
22011	4	1	1	0	28	2292	0	1
22021	4	1	1	0	28	2292	0	1
22031	4	1	1	0	28	2292	0	1
22041	4	1	1	0	28	2292	0	1
22051	4	1	1	0	28	2292	0	1
22061	4	1	1	0	28	2292	0	1
22071	4	1	1	0	28	2292	0	1
22081	4	1	1	0	28	2292	0	1
22091	4	1	1	0	28	2292	0	1
22101	4	1	1	0	28	2292	0	1
22111	4	1	1	0	28	2292	0	1
22121	4	1	1	0	28	2292	0	1
22131	4	1	1	0	28	2292	0	1
22141	4	1	1	0	28	2292	0	1
22151	4	1	1	0	28	2292	0	1
22161	4	1	1	0	28	2292	0	1
22171	4	1	1	0	28	2292	0	1
22181	4	1	1	0	28	2292	0	1
22191	4	1	1	0	28	2292	0	1
22201	4	1	1	0	28	2292	0	1
22211	4	1	1	0	28	2292	0	1
22221	4	1	1	0	28	2292	0	1
22231	4	1	1	0	28	2292	0	1
22241	4	1	1	0	28	2292	0	1
22251	4	1	1	0	28	2292	0	1
22261	4	1	1	0	28	2292	0	1
22271	4	1	1	0	28	2292	0	1
22281	4	1	1	0	28	2292	0	1
22291	4	1	1	0	28	2292	0	1
22301	4	1	1	0	28	2292	0	1
22311	4	1	1	0	28	2292	0	1
22321	4	1	1	0	28	2292	0	1
22331	4	1	1	0	28	2292	0	1
22341	4	1	1	0	28	2292	0	1
22351	4	1	1	0	28	2292	0	1
22361	4	1	1	0	28	2292	0	1
22371	4	1	1	0	28	2292	0	1
22381	4	1	1	0	28	2292	0	1
22391	4	1	1	0	28	2292	0	1
22401	4	1	1	0	28	2292	0	1
22411	4	1	1	0	28	2292	0	1
22421	4	1	1	0	28	2292	0	1
22431	4	1	1	0	28	2292	0	1
22441	4	1	1	0	28	2292	0	1
22451	4	1	1	0	28	2292	0	1
22461	4	1	1	0	28	2292	0	1
22471	4	1	1	0	28	2292	0	1
22481	4	1	1	0	28	2292	0	1
22491	4	1	1	0	28	2292	0	1
22501	4	1	1	0	28	2292	0	1
22511	4	1	1	0	28	2292	0	1
22521	4	1	1	0	28	2292	0	1
22531	4	1	1	0	28	2292	0	1
22541	4	1	1	0	28	2292	0	1
22551	4	1	1	0	28	2292	0	1
22561	4	1	1	0	28	2292	0	1
22571	4	1	1	0	28	2292	0	1
22581	4	1	1	0	28	2292	0	1
22591	4	1	1	0	28	2292	0	1
22601	4	1	1	0	28	2292	0	1
22611	4	1	1	0	28	2292	0	1
22621	4	1	1	0	28	2292	0	1
22631	4	1	1	0	28	2292	0	1
22641	4	1	1	0	28	2292	0	1
22651	4	1	1	0	28	2292	0	1
22661	4	1	1	0	28	2292	0	1
22671	4	1	1	0	28	2292	0	1
22681	4	1	1	0	28	2292	0	1
22701	4	1	1	0	28	2292	0	1
22711	4	1	1	0	28	2292	0	1
22721	4	1	1	0	28	2292	0	1
22731	4	1	1	0	28	2292	0	1
22741	4	1	1	0	28	2292	0	1
22751	4	1	1	0	28	2292	0	1
22761	4	1	1	0	28	2292	0	1
22771	4	1	1	0	28	2292	0	1
22781	4	1	1	0	28	2292	0	1
22791	4	1	1	0	28	2292	0	1
22801	4	1	1	0	28	2292	0	1
22811	4	1	1	0	28	2292	0	1
22821	4	1	1	0	28	2292	0	1
22831	4	1	1	0	28	2292	0	1
22841	4	1	1	0	28	2292	0	1
22851	4	1	1	0	28	2292	0	1
22861	4	1	1	0	28	2292	0	1
22871	4	1	1	0	28	2292	0	1
22881	4	1	1	0	28	2292	0	1
22891	4	1	1	0	28	2292	0	1
22901	4	1	1	0	28	2292	0	1
22911	4	1	1	0	28	2292	0	1
22921	4	1	1	0	28	2292	0	1
22931	4	1	1	0	28	2292	0	1
22941	4	1	1	0	28	2292	0	1
22951	4	1	1	0	28	2292	0	1
22961	4	1	1	0	28	2292	0	1
22971	4	1	1	0	28	2292	0	1
22981	4	1	1	0	28	2292	0	1
22991	4	1	1	0	28	2292	0	1
23001	4	1	1	0	28	2292	0	1
23011	4	1	1	0	28	2292	0	1
23021	4	1	1	0	28	2292	0	1
23031	4	1	1	0	28	2292	0	1
23041	4	1	1	0	28	2292	0	1
23051	4	1	1	0	28	2292	0	1
23061	4	1	1	0	28	2292	0	1
23071	4	1	1	0	28	2292	0	1
23081	4	1	1	0	28	2292	0	1
23091	4	1	1	0	28	2292	0	1
23101	4	1	1	0	28	2292	0	1
23111	4	1	1	0	28	2292	0	1
23121	4	1	1	0	28	2292	0	1
23131	4	1	1	0	28	2292	0	1
23141	4	1	1	0	28	2292	0	1
23151	4	1	1	0	28	2292	0	1
23161	4	1	1	0	28	2292	0	1
23171	4	1	1	0	28	2292	0	1
23181	4	1	1	0	28	2292	0	1
23201	4	1	1	0	28	2292	0	1
23211	4	1	1	0	28	2292	0	1
23221	4	1	1	0	28	2292	0	1
23231	4	1	1	0	28	2292	0	1
23241	4	1	1	0	28	2292	0	1
23251	4	1	1	0	28	2292	0	1
23261	4	1	1	0	28	2292	0	1
23271	4	1	1	0	28	2292	0	1
23281	4	1	1	0	28	2292	0	1
23291	4	1	1	0	28	2292	0	1
23301	4	1	1	0	28	2292	0	1
23311	4	1	1	0	28	2292	0	1
23321	4	1	1	0	28	2292	0	1
23331	4	1	1	0	28	2292	0	1
23341	4	1	1	0	28	2292	0	1
23351	4	1	1	0	28	2292	0	1
23361	4	1	1	0	28	2292	0	1
23371	4	1	1	0	28	2292	0	1
23381	4	1	1	0	28	2292	0	1
23391	4	1	1	0	28	2292	0	1
23401	4	1	1	0	28	2292	0	1
23411	4	1	1	0	28	2292	0	1
23421	4	1	1	0	28	2292	0	1
23451	4	1	1	0	28	2292	0	1
23452	4	1	1	0	28	2292	0	1
23461	4	1	1	0	28	2292	0	1
23471	4	1	1	0	28	2292	0	1
23481	4	1	1	0	28	2292	0	1
23491	4	1	1	0	28	2292	0	1
23501	4	1	1	0	28	2292	0	1
23511	4	1	1	0	28	2292	0	1
23521	4	1	1	0	28	2292	0	1
23531	4	1	1	0	28	2292	0	1
23541	4	1	1	0	28	2292	0	1
23551	4	1	1	0	28	2292	0	1
23561	4	1	1	0	28	2292	0	1
23571	4	1	1	0	28	2292	0	1
23581	4	1	1	0	28	2292	0	1
23591	4	1	1	0	28	2292	0	1
23601	4	1	1	0	28	2292	0	1
23621	4	1	1	0	28	2292	0	1
23631	4	1	1	0	28	2292	0	1
23641	4	1	1	0	28	2292	0	1
23651	4	1	1	0	28	2292	0	1
23661	4	1	1	0	28	2292	0	1
23671	4	1	1	0	28	2292	0	1
23681	4	1	1	0	28	2292	0	1
23691	4	1	1	0	28	2292	0	1
23701	4	1	1	0	28	2292	0	1
23711	4	1	1	0	28	2292	0	1
23721	4	1	1	0	28	2292	0	1
23731	4	1	1	0	28	2292	0	1
23741	4	1	1	0	28	2292	0	1
23751	4	1	1	0	28	2292	0	1
23761	4	1	1	0	28	2292	0	1
23771	4	1	1	0	28	2292	0	1
23781	4	1	1	0	28	2292	0	1
23791	4	1	1	0	28	2292	0	1
23801	4	1	1	0	28	2292	0	1
23811	4	1	1	0	28	2292	0	1
23821	4	1	1	0	28	2292	0	1
23831	4	1	1	0	28	2292	0	1
23841	4	1	1	0	28	2292	0	1
23851	4	1	1	0	28	2292	0	1
23861	4	1	1	0	28	2292	0	1
23871	4	1	1	0	28	2292	0	1
23881	4	1	1	0	28	2292	0	1
23891	4	1	1	0	28	2292	0	1
23901	4	1	1	0	28	2292	0	1
23911	4	1	1	0	28	2292	0	1
23921	4	1	1	0	28	2292	0	1
23931	4	1	1	0	28	2292	0	1
23941	4	1	1	0	28	2292	0	1
23951	4	1	1	0	28	2292	0	1
23961	4	1	1	0	28	2292	0	1
23971	4	1	1	0	28	2292	0	1
23981	4	1	1	0	28	2292	0	1
23991	4	1	1	0	28	2292	0	1
24001	4	1	1	0	28	2292	0	1
24011	4	1	1	0	28	2292	0	1
24021	4	1	1	0	28	2292	0	1
24031	4	1	1	0	28	2292	0	1
24041	4	1	1	0	28	2292	0	1
24051	4	1	1	0	28	2292	0	1
24061	4	1	1	0	28	2292	0	1
24071	4	1	1	0	28	2292	0	1
24081	4	1	1	0	28	2292	0	1
24091	4	1	1	0	28	2292	0	1
24101	4	1	1	0	28	2292	0	1
24111	4	1	1	0	28	2292	0	1
24121	4	1	1	0	28	2292	0	1
24131	4	1	1	0	28	2292	0	1
24141	4	1	1	0	28	2292	0	1
24151	4	1	1	0	28	2292	0	1
24161	4	1	1	0	28	2292	0	1
24171	4	1	1	0	28	2292	0	1
24181	4	1	1	0	28	2292	0	1
24191	4	1	1	0	28	2292	0	1
24201	4	1	1	0	28	2292	0	1
24211	4	1	1	0	28	2292	0	1
24221	4	1	1	0	28	2292	0	1
24231	4	1	1	0	28	2292	0	1
24241	4	1	1	0	28	2292	0	1
24251	4	1	1	0	28	2292	0	1
24261	4	1	1	0	28	2292	0	1
24271	4	1	1	0	28	2292	0	1
24281	4	1	1	0	28	2292	0	1
24291	4	1	1	0	28	2292	0	1
24301	4	1	1	0	28	2292	0	1
24311	4	1	1	0	28	2292	0	1
24321	4	1	1	0	28	2292	0	1
24331	4	1	1	0	28	2292	0	1
24341	4	1	1	0	28	2292	0	1
24351	4	1	1	0	28	2292	0	1
24361	4	1	1	0	28	2292	0	1
24371	4	1	1	0	28	2292	0	1
24381	4	1	1	0	28	2292	0	1
24391	4	1	1	0	28	2292	0	1
24401	4	1	1	0	28	2292	0	1
24411	4	1	1	0	28	2292	0	1
24421	4	1	1	0	28	2292	0	1
24431	4	1	1	0	28	2292	0	1
24441	4	1	1	0	28	2292	0	1
24451	4	1	1	0	28	2292	0	1
24461	4	1	1	0	28	2292	0	1
24471	4	1	1	0	28	2292	0	1
24481	4	1	1	0	28	2292	0	1
24491	4	1	1	0	28	2292	0	1
24501	4	1	1	0	28	2292	0	1
24511	4	1	1	0	28	2292	0	1
24521	4	1	1	0	28	2292	0	1
24531	4	1	1	0	28	2292	0	1
24541	4	1	1	0	28	2292	0	1
24551	4	1	1	0	28	2292	0	1
24561	4	1	1	0	28	2292	0	1
24571	4	1	1	0	28	2292	0	1
24581	4	1	1	0	28	2292	0	1
24591	4	1	1	0	28	2292	0	1
24601	4	1	1	0	28	2292	0	1
24611	4	1	1	0	28	2292	0	1
24621	4	1	1	0	28	2292	0	1
24631	4	1	1	0	28	2292	0	1
24641	4	1	1	0	28	2292	0	1
24651	4	1	1	0	28	2292	0	1
24661	4	1	1	0	28	2292	0	1
24671	4	1	1	0	28	2292	0	1
24681	4	1	1	0	28	2292	0	1
24691	4	1	1	0	28	2292	0	1
24701	4	1	1	0	28	2292	0	1
24711	4	1	1	0	28	2292	0	1
24721	4	1	1	0	28	2292	0	1
24731	4	1	1	0	28	2292	0	1
24741	4	1	1	0	28	2292	0	1
24751	4	1	1	0	28	2292	0	1
24761	4	1	1	0	28	2292	0	1
24771	4	1	1	0	28	2292	0	1
24781	4	1	1	0	28	2292	0	1
24791	4	1	1	0	28	2292	0	1
24801	4	1	1	0	28	2292	0	1
24811	4	1	1	0	28	2292	0	1
24821	4	1	1	0	28	2292	0	1
24831	4	1	1	0	28	2292	0	1
24841	4	1	1	0	28	2292	0	1
24851	4	1	1	0	28	2292	0	1
24861	4	1	1	0	28	2292	0	1
24871	4	1	1	0	28	2292	0	1
24881	4	1	1	0	28	2292	0	1
24891	4	1	1	0	28	2292	0	1
24901	4	1	1	0	28	2292	0	1
24911	4	1	1	0	28	2292	0	1
24921	4	1	1	0	28	2292	0	1
24931	4	1	1	0	28	2292	0	1
24941	4	1	1	0	28	2292	0	1
24951	4	1	1	0	28	2292	0	1
24961	4	1	1	0	28	2292	0	1
24971	4	1	1	0	28	2292	0	1
24981	4	1	1	0	28	2292	0	1
24991	4	1	1	0	28	2292	0	1
25001	4	1	1	0	28	2292	0	1
