% time	cellId	IMSI	RNTI	sinrLinear
0.041	1	1	1	3168.56
0.081	1	1	1	3171.51
0.121	1	1	1	3174.45
0.161	1	1	1	3177.36
0.201	1	1	1	3180.26
0.241	1	1	1	3183.13
0.281	1	1	1	3185.99
0.321	1	1	1	3188.83
0.361	1	1	1	3191.65
0.401	1	1	1	3194.45
0.441	1	1	1	3197.23
0.481	1	1	1	3199.99
0.521	1	1	1	3202.74
0.561	1	1	1	3205.46
0.601	1	1	1	3208.16
0.641	1	1	1	3210.84
0.681	1	1	1	3213.5
0.721	1	1	1	3216.15
0.761	1	1	1	3218.77
0.801	1	1	1	3221.37
0.841	1	1	1	3223.95
0.881	1	1	1	3226.51
0.921	1	1	1	3229.05
0.961	1	1	1	3231.57
1.001	1	1	1	3234.07
1.041	1	1	1	3236.54
1.081	1	1	1	3239
1.121	1	1	1	3241.43
1.161	1	1	1	3243.85
1.201	1	1	1	3246.24
1.241	1	1	1	3248.61
1.281	1	1	1	3250.96
1.321	1	1	1	3253.28
1.361	1	1	1	3255.59
1.401	1	1	1	3257.87
1.441	1	1	1	3260.13
1.481	1	1	1	3262.37
1.521	1	1	1	3264.58
1.561	1	1	1	3266.78
1.601	1	1	1	3268.95
1.641	1	1	1	3271.1
1.681	1	1	1	3273.22
1.721	1	1	1	3275.33
1.761	1	1	1	3277.41
1.801	1	1	1	3279.46
1.841	1	1	1	3281.5
1.881	1	1	1	3283.51
1.921	1	1	1	3285.5
1.961	1	1	1	3287.46
2.001	1	1	1	3289.4
2.041	1	1	1	3291.32
2.081	1	1	1	3293.22
2.121	1	1	1	3295.09
2.161	1	1	1	3296.93
2.201	1	1	1	3298.76
2.241	1	1	1	3300.56
2.281	1	1	1	3302.33
2.321	1	1	1	3304.08
2.361	1	1	1	3305.81
2.401	1	1	1	3307.51
2.441	1	1	1	3309.19
2.481	1	1	1	3310.85
2.521	1	1	1	3312.47
2.561	1	1	1	3314.08
2.601	1	1	1	3315.66
2.641	1	1	1	3317.22
2.681	1	1	1	3318.75
2.721	1	1	1	3320.25
2.761	1	1	1	3321.74
2.801	1	1	1	3323.19
2.841	1	1	1	3324.62
2.881	1	1	1	3326.03
2.921	1	1	1	3327.41
2.961	1	1	1	3328.77
3.001	1	1	1	3330.1
3.041	1	1	1	3331.4
3.081	1	1	1	3332.69
3.121	1	1	1	3333.94
3.161	1	1	1	3335.17
3.201	1	1	1	3336.37
3.241	1	1	1	3337.55
3.281	1	1	1	3338.7
3.321	1	1	1	3339.83
3.361	1	1	1	3340.93
3.401	1	1	1	3342.01
3.441	1	1	1	3343.05
3.481	1	1	1	3344.08
3.521	1	1	1	3345.07
3.561	1	1	1	3346.05
3.601	1	1	1	3346.99
3.641	1	1	1	3347.91
3.681	1	1	1	3348.8
3.721	1	1	1	3349.67
3.761	1	1	1	3350.51
3.801	1	1	1	3351.32
3.841	1	1	1	3352.11
3.881	1	1	1	3352.87
3.921	1	1	1	3353.61
3.961	1	1	1	3354.32
4.001	1	1	1	3355
4.041	1	1	1	3355.65
4.081	1	1	1	3356.28
4.121	1	1	1	3356.88
4.161	1	1	1	3357.46
4.201	1	1	1	3358.01
4.241	1	1	1	3358.53
4.281	1	1	1	3359.03
4.321	1	1	1	3359.5
4.361	1	1	1	3359.94
4.401	1	1	1	3360.35
4.441	1	1	1	3360.74
4.481	1	1	1	3361.11
4.521	1	1	1	3361.44
4.561	1	1	1	3361.75
4.601	1	1	1	3362.03
4.641	1	1	1	3362.29
4.681	1	1	1	3362.51
4.721	1	1	1	3362.71
4.761	1	1	1	3362.89
4.801	1	1	1	3363.04
4.841	1	1	1	3363.16
4.881	1	1	1	3363.25
4.921	1	1	1	3363.32
4.961	1	1	1	3363.36
5.001	1	1	1	3363.37
5.041	1	1	1	3363.36
5.081	1	1	1	3363.31
5.121	1	1	1	3363.25
5.161	1	1	1	3363.15
5.201	1	1	1	3363.03
5.241	1	1	1	3362.88
5.281	1	1	1	3362.71
5.321	1	1	1	3362.5
5.361	1	1	1	3362.27
5.401	1	1	1	3362.02
5.441	1	1	1	3361.74
5.481	1	1	1	3361.43
5.521	1	1	1	3361.09
5.561	1	1	1	3360.73
5.601	1	1	1	3360.34
5.641	1	1	1	3359.92
5.681	1	1	1	3359.48
5.721	1	1	1	3359
5.761	1	1	1	3358.51
5.801	1	1	1	3357.98
5.841	1	1	1	3357.43
5.881	1	1	1	3356.86
5.921	1	1	1	3356.25
5.961	1	1	1	3355.62
6.001	1	1	1	3354.97
6.041	1	1	1	3354.28
6.081	1	1	1	3353.57
6.121	1	1	1	3352.84
6.161	1	1	1	3352.07
6.201	1	1	1	3351.29
6.241	1	1	1	3350.47
6.281	1	1	1	3349.63
6.321	1	1	1	3348.76
6.361	1	1	1	3347.87
6.401	1	1	1	3346.95
6.441	1	1	1	3346
6.481	1	1	1	3345.03
6.521	1	1	1	3344.03
6.561	1	1	1	3343.01
6.601	1	1	1	3341.96
6.641	1	1	1	3340.88
6.681	1	1	1	3339.78
6.721	1	1	1	3338.65
6.761	1	1	1	3337.5
6.801	1	1	1	3336.32
6.841	1	1	1	3335.11
6.881	1	1	1	3333.88
6.921	1	1	1	3332.63
6.961	1	1	1	3331.34
7.001	1	1	1	3330.04
7.041	1	1	1	3328.71
7.081	1	1	1	3327.35
7.121	1	1	1	3325.97
7.161	1	1	1	3324.56
7.201	1	1	1	3323.13
7.241	1	1	1	3321.67
7.281	1	1	1	3320.19
7.321	1	1	1	3318.68
7.361	1	1	1	3317.15
7.401	1	1	1	3315.59
7.441	1	1	1	3314.01
7.481	1	1	1	3312.4
7.521	1	1	1	3310.77
7.561	1	1	1	3309.11
7.601	1	1	1	3307.43
7.641	1	1	1	3305.73
7.681	1	1	1	3304
7.721	1	1	1	3302.25
7.761	1	1	1	3300.47
7.801	1	1	1	3298.67
7.841	1	1	1	3296.85
7.881	1	1	1	3295
7.921	1	1	1	3293.13
7.961	1	1	1	3291.23
8.001	1	1	1	3289.31
8.041	1	1	1	3287.37
8.081	1	1	1	3285.41
8.121	1	1	1	3283.42
8.161	1	1	1	3281.4
8.201	1	1	1	3279.37
8.241	1	1	1	3277.31
8.281	1	1	1	3275.23
8.321	1	1	1	3273.12
8.361	1	1	1	3271
8.401	1	1	1	3268.85
8.441	1	1	1	3266.68
8.481	1	1	1	3264.48
8.521	1	1	1	3262.26
8.561	1	1	1	3260.02
8.601	1	1	1	3257.76
8.641	1	1	1	3255.48
8.681	1	1	1	3253.17
8.721	1	1	1	3250.85
8.761	1	1	1	3248.5
8.801	1	1	1	3246.13
8.841	1	1	1	3243.73
8.881	1	1	1	3241.32
8.921	1	1	1	3238.89
8.961	1	1	1	3236.43
9.001	1	1	1	3233.95
9.041	1	1	1	3231.45
9.081	1	1	1	3228.93
9.121	1	1	1	3226.39
9.161	1	1	1	3223.83
9.201	1	1	1	3221.25
9.241	1	1	1	3218.65
9.281	1	1	1	3216.02
9.321	1	1	1	3213.38
9.361	1	1	1	3210.72
9.401	1	1	1	3208.03
9.441	1	1	1	3205.33
9.481	1	1	1	3202.61
9.521	1	1	1	3199.87
9.561	1	1	1	3197.1
9.601	1	1	1	3194.32
9.641	1	1	1	3191.52
9.681	1	1	1	3188.7
9.721	1	1	1	3185.86
9.761	1	1	1	3183
9.801	1	1	1	3180.12
9.841	1	1	1	3177.23
9.881	1	1	1	3174.31
9.921	1	1	1	3171.38
9.961	1	1	1	3168.43
10.001	1	1	1	3165.45
10.041	1	1	1	3162.47
10.081	1	1	1	3159.46
10.121	1	1	1	3156.43
10.161	1	1	1	3153.39
10.201	1	1	1	3150.33
10.241	1	1	1	3147.25
10.281	1	1	1	3144.16
10.321	1	1	1	3141.04
10.361	1	1	1	3137.91
10.401	1	1	1	3134.77
10.441	1	1	1	3131.6
10.481	1	1	1	3128.42
10.521	1	1	1	3125.22
10.561	1	1	1	3122.01
10.601	1	1	1	3118.78
10.641	1	1	1	3115.53
10.681	1	1	1	3112.26
10.721	1	1	1	3108.98
10.761	1	1	1	3105.69
10.801	1	1	1	3102.38
10.841	1	1	1	3099.05
10.881	1	1	1	3095.7
10.921	1	1	1	3092.35
10.961	1	1	1	3088.97
11.001	1	1	1	3085.58
11.041	1	1	1	3082.18
11.081	1	1	1	3078.76
11.121	1	1	1	3075.32
11.161	1	1	1	3071.87
11.201	1	1	1	3068.41
11.241	1	1	1	3064.93
11.281	1	1	1	3061.43
11.321	1	1	1	3057.93
11.361	1	1	1	3054.41
11.401	1	1	1	3050.87
11.441	1	1	1	3047.32
11.481	1	1	1	3043.76
11.521	1	1	1	3040.18
11.561	1	1	1	3036.59
11.601	1	1	1	3032.98
11.641	1	1	1	3029.37
11.681	1	1	1	3025.74
11.721	1	1	1	3022.09
11.761	1	1	1	3018.44
11.801	1	1	1	3014.77
11.841	1	1	1	3011.09
11.881	1	1	1	3007.39
11.921	1	1	1	3003.68
11.961	1	1	1	2999.96
12.001	1	1	1	2996.23
12.041	1	1	1	2992.49
12.081	1	1	1	2988.73
12.121	1	1	1	2984.97
12.161	1	1	1	2981.19
12.201	1	1	1	2977.4
12.241	1	1	1	2973.6
12.281	1	1	1	2969.78
12.321	1	1	1	2965.96
12.361	1	1	1	2962.13
12.401	1	1	1	2958.28
12.441	1	1	1	2954.42
12.481	1	1	1	2950.56
12.521	1	1	1	2946.68
12.561	1	1	1	2942.79
12.601	1	1	1	2938.89
12.641	1	1	1	2934.98
12.681	1	1	1	2931.06
12.721	1	1	1	2927.13
12.761	1	1	1	2923.19
12.801	1	1	1	2919.25
12.841	1	1	1	2915.29
12.881	1	1	1	2911.32
12.921	1	1	1	2907.34
12.961	1	1	1	2903.36
13.001	1	1	1	2899.36
13.041	1	1	1	2895.36
13.081	1	1	1	2891.35
13.121	1	1	1	2887.33
13.161	1	1	1	2883.3
13.201	1	1	1	2879.26
13.241	1	1	1	2875.21
13.281	1	1	1	2871.15
13.321	1	1	1	2867.09
13.361	1	1	1	2863.02
13.401	1	1	1	2858.94
13.441	1	1	1	2854.85
13.481	1	1	1	2850.76
13.521	1	1	1	2846.66
13.561	1	1	1	2842.55
13.601	1	1	1	2838.43
13.641	1	1	1	2834.31
13.681	1	1	1	2830.17
13.721	1	1	1	2826.04
13.761	1	1	1	2821.89
13.801	1	1	1	2817.74
13.841	1	1	1	2813.58
13.881	1	1	1	2809.42
13.921	1	1	1	2805.25
13.961	1	1	1	2801.07
14.001	1	1	1	2796.88
14.041	1	1	1	2792.69
14.081	1	1	1	2788.5
14.121	1	1	1	2784.3
14.161	1	1	1	2780.09
14.201	1	1	1	2775.88
14.241	1	1	1	2771.66
14.281	1	1	1	2767.43
14.321	1	1	1	2763.2
14.361	1	1	1	2758.97
14.401	1	1	1	2754.73
14.441	1	1	1	2750.48
14.481	1	1	1	2746.24
14.521	1	1	1	2741.98
14.561	1	1	1	2737.72
14.601	1	1	1	2733.46
14.641	1	1	1	2729.19
14.681	1	1	1	2724.92
14.721	1	1	1	2720.64
14.761	1	1	1	2716.36
14.801	1	1	1	2712.08
14.841	1	1	1	2707.79
14.881	1	1	1	2703.5
14.921	1	1	1	2699.2
14.961	1	1	1	2694.9
15.001	1	1	1	2690.6
15.041	1	1	1	2686.29
15.081	1	1	1	2681.98
15.121	1	1	1	2677.66
15.161	1	1	1	2673.35
15.201	1	1	1	2669.03
15.241	1	1	1	2664.71
15.281	1	1	1	2660.38
15.321	1	1	1	2656.05
15.361	1	1	1	2651.72
15.401	1	1	1	2647.39
15.441	1	1	1	2643.05
15.481	1	1	1	2638.71
15.521	1	1	1	2634.37
15.561	1	1	1	2630.03
15.601	1	1	1	2625.69
15.641	1	1	1	2621.34
15.681	1	1	1	2616.99
15.721	1	1	1	2612.64
15.761	1	1	1	2608.29
15.801	1	1	1	2603.93
15.841	1	1	1	2599.58
15.881	1	1	1	2595.22
15.921	1	1	1	2590.86
15.961	1	1	1	2586.5
16.001	1	1	1	2582.14
16.041	1	1	1	2577.78
16.081	1	1	1	2573.41
16.121	1	1	1	2569.05
16.161	1	1	1	2564.69
16.201	1	1	1	2560.32
16.241	1	1	1	2555.95
16.281	1	1	1	2551.59
16.321	1	1	1	2547.22
16.361	1	1	1	2542.85
16.401	1	1	1	2538.48
16.441	1	1	1	2534.11
16.481	1	1	1	2529.74
16.521	1	1	1	2525.38
16.561	1	1	1	2521.01
16.601	1	1	1	2516.64
16.641	1	1	1	2512.27
16.681	1	1	1	2507.9
16.721	1	1	1	2503.53
16.761	1	1	1	2499.16
16.801	1	1	1	2494.79
16.841	1	1	1	2490.43
16.881	1	1	1	2486.06
16.921	1	1	1	2481.69
16.961	1	1	1	2477.33
17.001	1	1	1	2472.96
17.041	1	1	1	2468.6
17.081	1	1	1	2464.24
17.121	1	1	1	2459.88
17.161	1	1	1	2455.52
17.201	1	1	1	2451.16
17.241	1	1	1	2446.8
17.281	1	1	1	2442.44
17.321	1	1	1	2438.08
17.361	1	1	1	2433.73
17.401	1	1	1	2429.38
17.441	1	1	1	2425.03
17.481	1	1	1	2420.68
17.521	1	1	1	2416.33
17.561	1	1	1	2411.98
17.601	1	1	1	2407.64
17.641	1	1	1	2403.29
17.681	1	1	1	2398.95
17.721	1	1	1	2394.62
17.761	1	1	1	2390.28
17.801	1	1	1	2385.94
17.841	1	1	1	2381.61
17.881	1	1	1	2377.28
17.921	1	1	1	2372.95
17.961	1	1	1	2368.63
18.001	1	1	1	2364.31
18.041	1	1	1	2359.99
18.081	1	1	1	2355.67
18.121	1	1	1	2351.35
18.161	1	1	1	2347.04
18.201	1	1	1	2342.73
18.241	1	1	1	2338.42
18.281	1	1	1	2334.12
18.321	1	1	1	2329.82
18.361	1	1	1	2325.52
18.401	1	1	1	2321.23
18.441	1	1	1	2316.93
18.481	1	1	1	2312.65
18.521	1	1	1	2308.36
18.561	1	1	1	2304.08
18.601	1	1	1	2299.8
18.641	1	1	1	2295.52
18.681	1	1	1	2291.25
18.721	1	1	1	2286.98
18.761	1	1	1	2282.71
18.801	1	1	1	2278.45
18.841	1	1	1	2274.19
18.881	1	1	1	2269.94
18.921	1	1	1	2265.69
18.961	1	1	1	2261.44
19.001	1	1	1	2257.2
19.041	1	1	1	2252.96
19.081	1	1	1	2248.72
19.121	1	1	1	2244.49
19.161	1	1	1	2240.26
19.201	1	1	1	2236.04
19.241	1	1	1	2231.82
19.281	1	1	1	2227.6
19.321	1	1	1	2223.39
19.361	1	1	1	2219.18
19.401	1	1	1	2214.98
19.441	1	1	1	2210.78
19.481	1	1	1	2206.58
19.521	1	1	1	2202.39
19.561	1	1	1	2198.21
19.601	1	1	1	2194.02
19.641	1	1	1	2189.85
19.681	1	1	1	2185.67
19.721	1	1	1	2181.51
19.761	1	1	1	2177.34
19.801	1	1	1	2173.18
19.841	1	1	1	2169.03
19.881	1	1	1	2164.88
19.921	1	1	1	2160.74
19.961	1	1	1	2156.6
20.001	1	1	1	2152.46
20.041	1	1	1	2148.33
20.081	1	1	1	2144.2
20.121	1	1	1	2140.08
20.161	1	1	1	2135.97
20.201	1	1	1	2131.86
20.241	1	1	1	2127.75
20.281	1	1	1	2123.65
20.321	1	1	1	2119.56
20.361	1	1	1	2115.47
20.401	1	1	1	2111.38
20.441	1	1	1	2107.3
20.481	1	1	1	2103.23
20.521	1	1	1	2099.16
20.561	1	1	1	2095.09
20.601	1	1	1	2091.03
20.641	1	1	1	2086.98
20.681	1	1	1	2082.93
20.721	1	1	1	2078.89
20.761	1	1	1	2074.85
20.801	1	1	1	2070.82
20.841	1	1	1	2066.79
20.881	1	1	1	2062.77
20.921	1	1	1	2058.76
20.961	1	1	1	2054.75
21.001	1	1	1	2050.74
21.041	1	1	1	2046.74
21.081	1	1	1	2042.75
21.121	1	1	1	2038.76
21.161	1	1	1	2034.78
21.201	1	1	1	2030.81
21.241	1	1	1	2026.84
21.281	1	1	1	2022.87
21.321	1	1	1	2018.91
21.361	1	1	1	2014.96
21.401	1	1	1	2011.01
21.441	1	1	1	2007.07
21.481	1	1	1	2003.14
21.521	1	1	1	1999.21
21.561	1	1	1	1995.28
21.601	1	1	1	1991.36
21.641	1	1	1	1987.45
21.681	1	1	1	1983.55
21.721	1	1	1	1979.65
21.761	1	1	1	1975.75
21.801	1	1	1	1971.87
21.841	1	1	1	1967.98
21.881	1	1	1	1964.11
21.921	1	1	1	1960.24
21.961	1	1	1	1956.38
22.001	1	1	1	1952.52
22.041	1	1	1	1948.67
22.081	1	1	1	1944.82
22.121	1	1	1	1940.99
22.161	1	1	1	1937.15
22.201	1	1	1	1933.33
22.241	1	1	1	1929.51
22.281	1	1	1	1925.69
22.321	1	1	1	1921.89
22.361	1	1	1	1918.08
22.401	1	1	1	1914.29
22.441	1	1	1	1910.5
22.481	1	1	1	1906.72
22.521	1	1	1	1902.94
22.561	1	1	1	1899.17
22.601	1	1	1	1895.41
22.641	1	1	1	1891.65
22.681	1	1	1	1887.9
22.721	1	1	1	1884.16
22.761	1	1	1	1880.42
22.801	1	1	1	1876.69
22.841	1	1	1	1872.96
22.881	1	1	1	1869.25
22.921	1	1	1	1865.53
22.961	1	1	1	1861.83
23.001	1	1	1	1858.13
23.041	1	1	1	1854.44
23.081	1	1	1	1850.75
23.121	1	1	1	1847.07
23.161	1	1	1	1843.4
23.201	1	1	1	1839.73
23.241	1	1	1	1836.07
23.281	1	1	1	1832.42
23.321	1	1	1	1828.77
23.361	1	1	1	1825.13
23.401	1	1	1	1821.5
23.441	1	1	1	1817.87
23.481	1	1	1	1814.25
23.521	1	1	1	1810.64
23.561	1	1	1	1807.03
23.601	1	1	1	1803.43
23.641	1	1	1	1799.83
23.681	1	1	1	1796.25
23.721	1	1	1	1792.67
23.761	1	1	1	1789.09
23.801	1	1	1	1785.52
23.841	1	1	1	1781.96
23.881	1	1	1	1778.41
23.921	1	1	1	1774.86
23.961	1	1	1	1771.32
24.001	1	1	1	1767.79
24.041	1	1	1	1764.26
24.081	1	1	1	1760.74
24.121	1	1	1	1757.22
24.161	1	1	1	1753.72
24.201	1	1	1	1750.22
24.241	1	1	1	1746.72
24.281	1	1	1	1743.23
24.321	1	1	1	1739.75
24.361	1	1	1	1736.28
24.401	1	1	1	1732.81
24.441	1	1	1	1729.35
24.481	1	1	1	1725.9
24.521	1	1	1	1722.45
24.561	1	1	1	1719.01
24.601	1	1	1	1715.58
24.641	1	1	1	1712.15
24.681	1	1	1	1708.73
24.721	1	1	1	1705.31
24.761	1	1	1	1701.91
24.801	1	1	1	1698.51
24.841	1	1	1	1695.11
24.881	1	1	1	1691.73
24.921	1	1	1	1688.35
24.961	1	1	1	1684.97
